   0.50233375  0.48853375  0.59333875
   0.57820875  0.57852375  0.55475375
   0.53853500  0.46505750  0.70926375
   0.50232816  0.48850055  0.59330176
   0.57799144  0.57834738  0.55528168
   0.53884180  0.46576503  0.70932760
   0.50232439  0.48846834  0.59326624
   0.57775505  0.57814781  0.55582054
   0.53913846  0.46647994  0.70935714
   0.50232228  0.48843687  0.59323240
   0.57750353  0.57793078  0.55636613
   0.53942371  0.46720057  0.70935296
   0.50232166  0.48840587  0.59320048
   0.57724098  0.57770229  0.55691399
   0.53969621  0.46792508  0.70931590
   0.50232231  0.48837505  0.59317065
   0.57697193  0.57746882  0.55745947
   0.53995492  0.46865161  0.70924755
   0.50232399  0.48834413  0.59314311
   0.57670109  0.57723707  0.55799782
   0.54019886  0.46937804  0.70914992
   0.50232645  0.48831281  0.59311798
   0.57643330  0.57701403  0.55852431
   0.54042719  0.47010225  0.70902552
   0.50232944  0.48828079  0.59309537
   0.57617341  0.57680662  0.55903426
   0.54063924  0.47082206  0.70887729
   0.50233270  0.48824778  0.59307536
   0.57592607  0.57662160  0.55952304
   0.54083454  0.47153523  0.70870862
   0.50233595  0.48821352  0.59305800
   0.57569572  0.57646545  0.55998628
   0.54101276  0.47223949  0.70852329
   0.50233898  0.48817778  0.59304327
   0.57548639  0.57634420  0.56041979
   0.54117370  0.47293251  0.70832543
   0.50234155  0.48814037  0.59303114
   0.57530159  0.57626316  0.56081976
   0.54131737  0.47361217  0.70811947
   0.50234348  0.48810113  0.59302155
   0.57514417  0.57622690  0.56118274
   0.54144385  0.47427633  0.70790997
   0.50234463  0.48805996  0.59301438
   0.57501626  0.57623895  0.56150578
   0.54155338  0.47492296  0.70770160
   0.50234489  0.48801683  0.59300950
   0.57491919  0.57630188  0.56178639
   0.54164633  0.47555005  0.70749915
   0.50234420  0.48797178  0.59300672
   0.57485337  0.57641704  0.56202264
   0.54172315  0.47615575  0.70730731
   0.50234256  0.48792489  0.59300586
   0.57481836  0.57658460  0.56221319
   0.54178439  0.47673844  0.70713062
   0.50234003  0.48787631  0.59300669
   0.57481275  0.57680349  0.56235725
   0.54183053  0.47729676  0.70697321
   0.50233671  0.48782626  0.59300899
   0.57483432  0.57707161  0.56245456
   0.54186213  0.47782948  0.70683915
   0.50233275  0.48777500  0.59301250
   0.57488005  0.57738575  0.56250539
   0.54187977  0.47833549  0.70673206
   0.50232835  0.48772286  0.59301700
   0.57494621  0.57774163  0.56251053
   0.54188401  0.47881392  0.70665503
   0.50232375  0.48767018  0.59302223
   0.57502850  0.57813421  0.56247116
   0.54187531  0.47926413  0.70661068
   0.50231922  0.48761737  0.59302798
   0.57512213  0.57855763  0.56238888
   0.54185403  0.47968569  0.70660089
   0.50231508  0.48756483  0.59303405
   0.57522198  0.57900567  0.56226567
   0.54182042  0.48007833  0.70662700
   0.50231164  0.48751297  0.59304026
   0.57532285  0.57947170  0.56210375
   0.54177470  0.48044198  0.70668965
   0.50230921  0.48746223  0.59304645
   0.57541936  0.57994882  0.56190563
   0.54171695  0.48077681  0.70678874
   0.50230815  0.48741301  0.59305250
   0.57550625  0.58043007  0.56167396
   0.54164709  0.48108310  0.70692350
   0.50230877  0.48736571  0.59305834
   0.57557842  0.58090860  0.56141149
   0.54156497  0.48136133  0.70709253
   0.50231141  0.48732071  0.59306392
   0.57563099  0.58137778  0.56112104
   0.54147026  0.48161210  0.70729378
   0.50231636  0.48727837  0.59306921
   0.57565944  0.58183117  0.56080554
   0.54136261  0.48183611  0.70752459
   0.50232391  0.48723901  0.59307424
   0.57565962  0.58226285  0.56046788
   0.54124160  0.48203420  0.70778183
   0.50233433  0.48720292  0.59307905
   0.57562782  0.58266739  0.56011084
   0.54110662  0.48220717  0.70806188
   0.50234786  0.48717034  0.59308372
   0.57556082  0.58303982  0.55973720
   0.54095713  0.48235599  0.70836083
   0.50236472  0.48714149  0.59308834
   0.57545579  0.58337567  0.55934963
   0.54079249  0.48248170  0.70867449
   0.50238507  0.48711654  0.59309302
   0.57531053  0.58367116  0.55895068
   0.54061209  0.48258540  0.70899850
   0.50240907  0.48709562  0.59309790
   0.57512333  0.58392310  0.55854276
   0.54041537  0.48266819  0.70932836
   0.50243681  0.48707881  0.59310311
   0.57489298  0.58412900  0.55812807
   0.54020182  0.48273121  0.70965965
   0.50246838  0.48706617  0.59310881
   0.57461876  0.58428692  0.55770861
   0.53997095  0.48277562  0.70998794
   0.50250380  0.48705768  0.59311514
   0.57430052  0.58439565  0.55728625
   0.53972236  0.48280264  0.71030904
   0.50254309  0.48705332  0.59312226
   0.57393857  0.58445464  0.55686257
   0.53945574  0.48281343  0.71061885
   0.50258619  0.48705300  0.59313031
   0.57353377  0.58446405  0.55643898
   0.53917096  0.48280920  0.71091361
   0.50263303  0.48705659  0.59313944
   0.57308739  0.58442467  0.55601661
   0.53886792  0.48279110  0.71118977
   0.50268348  0.48706393  0.59314981
   0.57260133  0.58433804  0.55559638
   0.53854676  0.48276039  0.71144421
   0.50273739  0.48707479  0.59316153
   0.57207788  0.58420636  0.55517889
   0.53820761  0.48271822  0.71167410
   0.50279456  0.48708893  0.59317474
   0.57151987  0.58403256  0.55476452
   0.53785091  0.48266578  0.71187715
   0.50285476  0.48710606  0.59318954
   0.57093045  0.58382016  0.55435338
   0.53747716  0.48260421  0.71205145
   0.50291772  0.48712583  0.59320604
   0.57031324  0.58357337  0.55394521
   0.53708701  0.48253465  0.71219558
   0.50298314  0.48714788  0.59322433
   0.56967223  0.58329693  0.55353955
   0.53668127  0.48245819  0.71230860
   0.50305070  0.48717182  0.59324449
   0.56901178  0.58299626  0.55313560
   0.53626084  0.48237592  0.71239014
   0.50312003  0.48719719  0.59326656
   0.56833655  0.58267730  0.55273233
   0.53582674  0.48228892  0.71244019
   0.50319076  0.48722353  0.59329061
   0.56765144  0.58234642  0.55232840
   0.53538015  0.48219829  0.71245926
   0.50326249  0.48725036  0.59331667
   0.56696150  0.58201039  0.55192232
   0.53492243  0.48210514  0.71244843
   0.50333480  0.48727715  0.59334474
   0.56627197  0.58167633  0.55151235
   0.53445499  0.48201051  0.71240926
   0.50340727  0.48730340  0.59337481
   0.56558797  0.58135137  0.55109668
   0.53397939  0.48191543  0.71234384
   0.50347949  0.48732859  0.59340684
   0.56491466  0.58104280  0.55067341
   0.53349732  0.48182098  0.71225469
   0.50355103  0.48735223  0.59344076
   0.56425685  0.58075753  0.55024065
   0.53301044  0.48172808  0.71214473
   0.50362149  0.48737382  0.59347646
   0.56361924  0.58050229  0.54979665
   0.53252065  0.48163777  0.71201745
   0.50369050  0.48739294  0.59351382
   0.56300597  0.58028315  0.54933979
   0.53202979  0.48155102  0.71187667
   0.50375772  0.48740920  0.59355265
   0.56242058  0.58010537  0.54886872
   0.53153971  0.48146874  0.71172639
   0.50382284  0.48742224  0.59359275
   0.56186604  0.57997347  0.54838250
   0.53105235  0.48139191  0.71157103
   0.50388559  0.48743181  0.59363386
   0.56134456  0.57989079  0.54788067
   0.53056969  0.48132149  0.71141509
   0.50394578  0.48743771  0.59367569
   0.56085761  0.57985955  0.54736328
   0.53009363  0.48125841  0.71126319
   0.50400323  0.48743980  0.59371790
   0.56040600  0.57988087  0.54683095
   0.52962613  0.48120363  0.71112019
   0.50405782  0.48743803  0.59376012
   0.55998969  0.57995459  0.54628491
   0.52916895  0.48115810  0.71099070
   0.50410951  0.48743244  0.59380196
   0.55960789  0.58007938  0.54572700
   0.52872377  0.48112276  0.71087922
   0.50415828  0.48742313  0.59384299
   0.55925912  0.58025278  0.54515963
   0.52829218  0.48109847  0.71078998
   0.50420417  0.48741024  0.59388280
   0.55894132  0.58047124  0.54458586
   0.52787569  0.48108624  0.71072681
   0.50424727  0.48739400  0.59392096
   0.55865182  0.58073023  0.54400918
   0.52747561  0.48108704  0.71069299
   0.50428769  0.48737468  0.59395704
   0.55838764  0.58102454  0.54343355
   0.52709315  0.48110187  0.71069127
   0.50432556  0.48735258  0.59399066
   0.55814545  0.58134831  0.54286332
   0.52672927  0.48113173  0.71072369
   0.50436108  0.48732801  0.59402143
   0.55792171  0.58169539  0.54230297
   0.52638480  0.48117764  0.71079164
   0.50439442  0.48730134  0.59404905
   0.55771279  0.58205923  0.54175712
   0.52606029  0.48124060  0.71089565
   0.50442578  0.48727289  0.59407322
   0.55751509  0.58243331  0.54123049
   0.52575613  0.48132170  0.71103542
   0.50445538  0.48724300  0.59409375
   0.55732509  0.58281124  0.54072772
   0.52547255  0.48142193  0.71120985
   0.50448342  0.48721201  0.59411044
   0.55713947  0.58318682  0.54025335
   0.52520956  0.48154233  0.71141708
   0.50451011  0.48718021  0.59412321
   0.55695506  0.58355408  0.53981161
   0.52496699  0.48168386  0.71165446
   0.50453564  0.48714789  0.59413203
   0.55676894  0.58390753  0.53940645
   0.52474453  0.48184748  0.71191862
   0.50456022  0.48711532  0.59413690
   0.55657848  0.58424212  0.53904142
   0.52454168  0.48203408  0.71220564
   0.50458403  0.48708271  0.59413792
   0.55638138  0.58455343  0.53871977
   0.52435786  0.48224451  0.71251101
   0.50460723  0.48705027  0.59413521
   0.55617566  0.58483751  0.53844429
   0.52419237  0.48247946  0.71282980
   0.50462998  0.48701816  0.59412896
   0.55595970  0.58509118  0.53821732
   0.52404438  0.48273951  0.71315683
   0.50465241  0.48698651  0.59411938
   0.55573220  0.58531189  0.53804073
   0.52391303  0.48302514  0.71348674
   0.50467463  0.48695542  0.59410672
   0.55549223  0.58549774  0.53791582
   0.52379738  0.48333679  0.71381412
   0.50469675  0.48692493  0.59409128
   0.55523924  0.58564759  0.53784346
   0.52369650  0.48367470  0.71413360
   0.50471884  0.48689509  0.59407336
   0.55497298  0.58576087  0.53782395
   0.52360940  0.48403896  0.71443985
   0.50474094  0.48686587  0.59405328
   0.55469359  0.58583781  0.53785710
   0.52353510  0.48442957  0.71472785
   0.50476310  0.48683723  0.59403140
   0.55440149  0.58587923  0.53794217
   0.52347261  0.48484634  0.71499292
   0.50478534  0.48680910  0.59400805
   0.55409739  0.58588660  0.53807799
   0.52342099  0.48528898  0.71523072
   0.50480763  0.48678138  0.59398358
   0.55378237  0.58586215  0.53826283
   0.52337930  0.48575703  0.71543733
   0.50482996  0.48675391  0.59395836
   0.55345776  0.58580876  0.53849443
   0.52334662  0.48624988  0.71560935
   0.50485228  0.48672653  0.59393271
   0.55312517  0.58572991  0.53877011
   0.52332207  0.48676681  0.71574398
   0.50487452  0.48669904  0.59390700
   0.55278648  0.58562963  0.53908672
   0.52330487  0.48730695  0.71583885
   0.50489661  0.48667121  0.59388153
   0.55244380  0.58551258  0.53944073
   0.52329420  0.48786933  0.71589233
   0.50491844  0.48664278  0.59385662
   0.55209939  0.58538387  0.53982823
   0.52328926  0.48845288  0.71590340
   0.50493992  0.48661349  0.59383255
   0.55175568  0.58524905  0.54024495
   0.52328936  0.48905642  0.71587167
   0.50496092  0.48658303  0.59380960
   0.55141523  0.58511403  0.54068641
   0.52329382  0.48967867  0.71579748
   0.50498132  0.48655113  0.59378800
   0.55108068  0.58498487  0.54114784
   0.52330203  0.49031826  0.71568171
   0.50500097  0.48651747  0.59376795
   0.55075470  0.58486793  0.54162438
   0.52331352  0.49097380  0.71552596
   0.50501976  0.48648175  0.59374962
   0.55043986  0.58476950  0.54211104
   0.52332778  0.49164379  0.71533247
   0.50503755  0.48644368  0.59373315
   0.55013862  0.58469573  0.54260295
   0.52334438  0.49232669  0.71510408
   0.50505421  0.48640299  0.59371862
   0.54985333  0.58465247  0.54309537
   0.52336303  0.49302102  0.71484423
   0.50506964  0.48635944  0.59370605
   0.54958610  0.58464509  0.54358373
   0.52338343  0.49372519  0.71455690
   0.50508373  0.48631282  0.59369545
   0.54933873  0.58467847  0.54406369
   0.52340537  0.49443771  0.71424654
   0.50509640  0.48626298  0.59368676
   0.54911262  0.58475662  0.54453129
   0.52342868  0.49515702  0.71391811
   0.50510761  0.48620981  0.59367985
   0.54890880  0.58488268  0.54498300
   0.52345324  0.49588165  0.71357695
   0.50511732  0.48615327  0.59367456
   0.54872773  0.58505873  0.54541589
   0.52347892  0.49661013  0.71322863
   0.50512554  0.48609340  0.59367070
   0.54856946  0.58528576  0.54582743
   0.52350568  0.49734108  0.71287891
   0.50513230  0.48603028  0.59366801
   0.54843350  0.58556361  0.54621574
   0.52353347  0.49807317  0.71253367
   0.50513766  0.48596407  0.59366621
   0.54831889  0.58589095  0.54657943
   0.52356229  0.49880520  0.71219877
   0.50514172  0.48589500  0.59366500
   0.54822417  0.58626529  0.54691774
   0.52359207  0.49953597  0.71187973
   0.50514459  0.48582336  0.59366408
   0.54814748  0.58668315  0.54723031
   0.52362280  0.50026432  0.71158195
   0.50514643  0.48574951  0.59366312
   0.54808659  0.58713996  0.54751737
   0.52365435  0.50098916  0.71131027
   0.50514738  0.48567384  0.59366181
   0.54803898  0.58763037  0.54777951
   0.52368665  0.50170938  0.71106905
   0.50514765  0.48559681  0.59365987
   0.54800186  0.58814834  0.54801766
   0.52371950  0.50242396  0.71086193
   0.50514742  0.48551888  0.59365704
   0.54797229  0.58868730  0.54823297
   0.52375267  0.50313186  0.71069186
   0.50514692  0.48544056  0.59365311
   0.54794720  0.58924036  0.54842681
   0.52378581  0.50383191  0.71056089
   0.50514636  0.48536236  0.59364792
   0.54792351  0.58980046  0.54860067
   0.52381847  0.50452297  0.71047015
   0.50514597  0.48528481  0.59364133
   0.54789812  0.59036044  0.54875614
   0.52385010  0.50520389  0.71042011
   0.50514597  0.48520842  0.59363328
   0.54786805  0.59091316  0.54889481
   0.52388010  0.50587341  0.71041024
   0.50514660  0.48513371  0.59362375
   0.54783046  0.59145168  0.54901826
   0.52390775  0.50653017  0.71043916
   0.50514805  0.48506118  0.59361281
   0.54778269  0.59196953  0.54912785
   0.52393228  0.50717277  0.71050472
   0.50515054  0.48499131  0.59360053
   0.54772230  0.59246053  0.54922497
   0.52395282  0.50779978  0.71060413
   0.50515426  0.48492454  0.59358706
   0.54764712  0.59291903  0.54931078
   0.52396840  0.50840962  0.71073381
   0.50515941  0.48486128  0.59357258
   0.54755519  0.59333998  0.54938638
   0.52397806  0.50900075  0.71088978
   0.50516614  0.48480193  0.59355733
   0.54744478  0.59371879  0.54945265
   0.52398075  0.50957155  0.71106760
   0.50517461  0.48474683  0.59354154
   0.54731454  0.59405156  0.54951033
   0.52397552  0.51012035  0.71126253
   0.50518494  0.48469630  0.59352550
   0.54716332  0.59433503  0.54955989
   0.52396136  0.51064545  0.71146961
   0.50519726  0.48465059  0.59350950
   0.54699024  0.59456662  0.54960168
   0.52393729  0.51114519  0.71168388
   0.50521167  0.48460993  0.59349383
   0.54679469  0.59474445  0.54963585
   0.52390239  0.51161797  0.71190045
   0.50522823  0.48457448  0.59347880
   0.54657638  0.59486729  0.54966227
   0.52385577  0.51206227  0.71211448
   0.50524699  0.48454437  0.59346471
   0.54633524  0.59493461  0.54968068
   0.52379665  0.51247664  0.71232139
   0.50526799  0.48451969  0.59345188
   0.54607151  0.59494659  0.54969060
   0.52372435  0.51285970  0.71251685
   0.50529124  0.48450044  0.59344058
   0.54578566  0.59490408  0.54969133
   0.52363821  0.51321014  0.71269689
   0.50531672  0.48448661  0.59343110
   0.54547845  0.59480862  0.54968197
   0.52353774  0.51352681  0.71285793
   0.50534440  0.48447813  0.59342370
   0.54515089  0.59466240  0.54966143
   0.52342249  0.51380869  0.71299682
   0.50537422  0.48447487  0.59341864
   0.54480415  0.59446829  0.54962831
   0.52329211  0.51405500  0.71311091
   0.50540611  0.48447665  0.59341614
   0.54443964  0.59422981  0.54958110
   0.52314636  0.51426511  0.71319809
   0.50543998  0.48448323  0.59341642
   0.54405900  0.59395106  0.54951806
   0.52298514  0.51443852  0.71325671
   0.50547571  0.48449435  0.59341966
   0.54366401  0.59363673  0.54943732
   0.52280844  0.51457496  0.71328568
   0.50551317  0.48450968  0.59342601
   0.54325670  0.59329204  0.54933687
   0.52261640  0.51467437  0.71328444
   0.50555221  0.48452886  0.59343562
   0.54283915  0.59292260  0.54921455
   0.52240921  0.51473683  0.71325298
   0.50559270  0.48455151  0.59344859
   0.54241345  0.59253442  0.54906814
   0.52218716  0.51476274  0.71319184
   0.50563445  0.48457717  0.59346501
   0.54198186  0.59213383  0.54889530
   0.52195066  0.51475268  0.71310205
   0.50567729  0.48460540  0.59348491
   0.54154676  0.59172744  0.54869362
   0.52170027  0.51470744  0.71298532
   0.50572103  0.48463571  0.59350831
   0.54111051  0.59132187  0.54846074
   0.52143669  0.51462803  0.71284383
   0.50576549  0.48466762  0.59353517
   0.54067533  0.59092367  0.54819442
   0.52116056  0.51451565  0.71268032
   0.50581047  0.48470064  0.59356543
   0.54024344  0.59053929  0.54789256
   0.52087271  0.51437179  0.71249798
   0.50585581  0.48473427  0.59359899
   0.53981685  0.59017476  0.54755322
   0.52057398  0.51419810  0.71230040
   0.50590132  0.48476807  0.59363569
   0.53939738  0.58983565  0.54717480
   0.52026531  0.51399645  0.71209164
   0.50594685  0.48480161  0.59367533
   0.53898658  0.58952674  0.54675613
   0.51994764  0.51376881  0.71187604
   0.50599225  0.48483448  0.59371768
   0.53858569  0.58925212  0.54629640
   0.51962200  0.51351742  0.71165826
   0.50603742  0.48486636  0.59376244
   0.53819559  0.58901488  0.54579530
   0.51928943  0.51324468  0.71144320
   0.50608224  0.48489693  0.59380928
   0.53781695  0.58881721  0.54525308
   0.51895099  0.51295312  0.71123587
   0.50612662  0.48492598  0.59385784
   0.53745004  0.58866015  0.54467060
   0.51860777  0.51264537  0.71104141
   0.50617051  0.48495334  0.59390771
   0.53709478  0.58854370  0.54404936
   0.51826082  0.51232414  0.71086485
   0.50621387  0.48497889  0.59395843
   0.53675072  0.58846680  0.54339149
   0.51791116  0.51199221  0.71071112
   0.50625667  0.48500260  0.59400956
   0.53641722  0.58842731  0.54269973
   0.51755980  0.51165234  0.71058487
   0.50629892  0.48502448  0.59406061
   0.53609337  0.58842220  0.54197741
   0.51720770  0.51130731  0.71049029
   0.50634062  0.48504462  0.59411112
   0.53577803  0.58844750  0.54122848
   0.51685573  0.51095983  0.71043105
   0.50638182  0.48506313  0.59416062
   0.53546989  0.58849869  0.54045739
   0.51650472  0.51061254  0.71041021
   0.50642256  0.48508017  0.59420865
   0.53516744  0.58857060  0.53966901
   0.51615537  0.51026797  0.71043007
   0.50646289  0.48509594  0.59425480
   0.53486918  0.58865772  0.53886847
   0.51580836  0.50992850  0.71049216
   0.50650287  0.48511067  0.59429870
   0.53457354  0.58875427  0.53806114
   0.51546424  0.50959629  0.71059716
   0.50654258  0.48512459  0.59434002
   0.53427896  0.58885443  0.53725254
   0.51512346  0.50927334  0.71074470
   0.50658209  0.48513796  0.59437847
   0.53398398  0.58895244  0.53644834
   0.51478636  0.50896143  0.71093368
   0.50662147  0.48515101  0.59441385
   0.53368709  0.58904283  0.53565403
   0.51445320  0.50866220  0.71116191
   0.50666079  0.48516399  0.59444601
   0.53338697  0.58912039  0.53487494
   0.51412421  0.50837703  0.71142645
   0.50670011  0.48517712  0.59447486
   0.53308244  0.58918026  0.53411631
   0.51379957  0.50810713  0.71172345
   0.50673950  0.48519060  0.59450038
   0.53277244  0.58921808  0.53338308
   0.51347938  0.50785352  0.71204833
   0.50677900  0.48520463  0.59452260
   0.53245609  0.58923003  0.53267987
   0.51316367  0.50761708  0.71239599
   0.50681866  0.48521936  0.59454162
   0.53213267  0.58921295  0.53201088
   0.51285248  0.50739852  0.71276074
   0.50685852  0.48523491  0.59455756
   0.53180159  0.58916421  0.53137991
   0.51254585  0.50719843  0.71313657
   0.50689860  0.48525139  0.59457062
   0.53146245  0.58908177  0.53079035
   0.51224375  0.50701724  0.71351723
   0.50693891  0.48526885  0.59458100
   0.53111499  0.58896431  0.53024505
   0.51194615  0.50685536  0.71389639
   0.50697947  0.48528731  0.59458896
   0.53075915  0.58881118  0.52974639
   0.51165305  0.50671307  0.71426772
   0.50702027  0.48530677  0.59459477
   0.53039498  0.58862241  0.52929621
   0.51136441  0.50659059  0.71462502
   0.50706130  0.48532715  0.59459870
   0.53002271  0.58839876  0.52889581
   0.51108028  0.50648812  0.71496244
   0.50710253  0.48534837  0.59460108
   0.52964267  0.58814157  0.52854590
   0.51080067  0.50640576  0.71527440
   0.50714393  0.48537030  0.59460220
   0.52925538  0.58785289  0.52824660
   0.51052556  0.50634360  0.71555577
   0.50718546  0.48539276  0.59460238
   0.52886146  0.58753533  0.52799758
   0.51025499  0.50630172  0.71580187
   0.50722707  0.48541556  0.59460194
   0.52846164  0.58719215  0.52779789
   0.50998894  0.50628019  0.71600860
   0.50726872  0.48543844  0.59460118
   0.52805677  0.58682719  0.52764602
   0.50972744  0.50627909  0.71617253
   0.50731034  0.48546112  0.59460042
   0.52764778  0.58644491  0.52753991
   0.50947053  0.50629845  0.71629081
   0.50735187  0.48548329  0.59459995
   0.52723565  0.58605028  0.52747704
   0.50921820  0.50633833  0.71636129
   0.50739324  0.48550461  0.59460004
   0.52682142  0.58564872  0.52745432
   0.50897046  0.50639874  0.71638251
   0.50743438  0.48552471  0.59460097
   0.52640629  0.58524610  0.52746829
   0.50872734  0.50647978  0.71635372
   0.50747522  0.48554320  0.59460296
   0.52599137  0.58484853  0.52751513
   0.50848880  0.50658152  0.71627501
   0.50751569  0.48555968  0.59460623
   0.52557781  0.58446232  0.52759067
   0.50825487  0.50670410  0.71614710
   0.50755572  0.48557373  0.59461097
   0.52516668  0.58409396  0.52769047
   0.50802554  0.50684765  0.71597155
   0.50759524  0.48558493  0.59461731
   0.52475907  0.58375002  0.52780996
   0.50780076  0.50701230  0.71575061
   0.50763421  0.48559288  0.59462536
   0.52435600  0.58343699  0.52794444
   0.50758045  0.50719825  0.71548724
   0.50767256  0.48559715  0.59463520
   0.52395830  0.58316107  0.52808928
   0.50736446  0.50740575  0.71518508
   0.50771027  0.48559738  0.59464681
   0.52356676  0.58292808  0.52824004
   0.50715265  0.50763512  0.71484851
   0.50774730  0.48559321  0.59466015
   0.52318205  0.58274322  0.52839248
   0.50694485  0.50788667  0.71448261
   0.50778364  0.48558434  0.59467511
   0.52280468  0.58261100  0.52854273
   0.50674089  0.50816081  0.71409303
   0.50781927  0.48557052  0.59469152
   0.52243493  0.58253508  0.52868740
   0.50654051  0.50845790  0.71368585
   0.50785421  0.48555154  0.59470914
   0.52207295  0.58251815  0.52882370
   0.50634345  0.50877842  0.71326764
   0.50788847  0.48552728  0.59472768
   0.52171874  0.58256185  0.52894945
   0.50614944  0.50912286  0.71284517
   0.50792209  0.48549768  0.59474680
   0.52137213  0.58266672  0.52906322
   0.50595815  0.50949173  0.71242554
