0.991294	0.989216
0.990961	0.988919
0.990299	0.988331
0.989319	0.987463
0.988038	0.986328
0.986476	0.984946
0.984659	0.983339
0.982617	0.981534
0.980386	0.979561
0.978004	0.977455
0.975514	0.975254
0.972961	0.972996
0.97039	0.970722
0.967851	0.968475
0.965391	0.966296
0.963057	0.964226
0.960895	0.962304
0.958948	0.96057
0.957255	0.959058
0.955851	0.957798
0.954766	0.956816
0.954022	0.956133
0.953635	0.955762
0.953614	0.955713
0.953959	0.955985
0.954663	0.956573
0.95571	0.957464
0.957078	0.958641
0.95874	0.960079
0.96066	0.96175
0.9628	0.963619
0.965117	0.965649
0.967566	0.967802
0.970099	0.970036
0.972669	0.97231
0.975228	0.974581
0.977728	0.976809
0.980126	0.978953
0.982378	0.980975
0.984445	0.98284
0.986291	0.984516
0.987886	0.985975
0.989203	0.987193
0.99022	0.988149
0.990921	0.988828
0.991295	0.989218
0.991335	0.989314
0.991041	0.989114
0.990417	0.98862
0.989475	0.987841
0.988228	0.986789
0.986699	0.985483
0.984911	0.983943
0.982896	0.982196
0.980688	0.980271
0.978324	0.978201
0.975847	0.976022
0.973302	0.973772
0.970734	0.971494
0.968192	0.969227
0.965722	0.967015
0.963373	0.964898
0.961191	0.962918
0.959219	0.961114
0.957496	0.95952
0.956059	0.95817
0.954936	0.957091
0.954151	0.956305
0.953722	0.955828
0.953656	0.95567
0.953956	0.955835
0.954615	0.956318
0.955618	0.957111
0.956946	0.958197
0.958569	0.959553
0.960453	0.961153
0.962562	0.962964
0.964852	0.96495
0.96728	0.967072
0.969797	0.969289
0.972356	0.971561
0.974909	0.973843
0.977409	0.976096
0.979811	0.978278
0.982073	0.980349
0.984156	0.982275
0.986022	0.984021
0.987641	0.985559
0.988985	0.986861
0.990034	0.987907
0.990769	0.98868
0.991178	0.989166
0.991255	0.989358
0.990999	0.989252
0.990415	0.98885
0.98951	0.988158
0.988301	0.987188
0.986808	0.985956
0.985054	0.984481
0.983069	0.98279
0.980889	0.980909
0.978549	0.978872
0.976092	0.976713
0.973561	0.97447
0.971003	0.972185
0.968465	0.969897
0.965993	0.96765
0.963638	0.965487
0.961443	0.963447
0.959452	0.961572
0.957705	0.959897
0.956239	0.958458
0.955083	0.957283
0.954262	0.956396
0.953792	0.955815
0.953684	0.955553
0.953939	0.955616
0.954553	0.956002
0.955512	0.956703
0.956796	0.957705
0.958379	0.958987
0.960227	0.960524
0.962302	0.962284
0.964564	0.964232
0.966967	0.966331
0.969465	0.968539
0.972011	0.970815
0.974557	0.973117
0.977056	0.975401
0.979463	0.977627
0.981735	0.979755
0.983833	0.981748
0.98572	0.98357
0.987366	0.985192
0.988742	0.986584
0.989826	0.987725
0.990599	0.988595
0.991051	0.989179
0.991172	0.989469
0.990961	0.989458
0.990422	0.989148
0.989564	0.988543
0.9884	0.987653
0.986951	0.986493
0.98524	0.985081
0.983297	0.983441
0.981154	0.981602
0.978849	0.979593
0.976422	0.977451
0.973916	0.975212
0.971375	0.972917
0.968849	0.970608
0.966383	0.968326
0.964027	0.966115
0.961824	0.964016
0.959819	0.962071
0.958051	0.960317
0.956558	0.95879
0.955368	0.957521
0.954508	0.956536
0.953995	0.955856
0.953841	0.955494
0.954048	0.95546
0.954612	0.955752
0.955521	0.956367
0.956755	0.95729
0.958289	0.958503
0.96009	0.959981
0.962123	0.961693
0.964345	0.963607
0.966714	0.965684
0.969184	0.967884
0.971707	0.970164
0.974235	0.972483
0.976723	0.974797
0.979125	0.977064
0.981399	0.979243
0.983504	0.981296
0.985406	0.983187
0.987071	0.984882
0.988473	0.986355
0.989586	0.98758
0.990395	0.988536
0.990885	0.989209
0.991048	0.989585
0.990883	0.98966
0.990393	0.989433
0.989584	0.988906
0.988471	0.988088
0.987072	0.986992
0.985409	0.985637
0.983511	0.984044
0.98141	0.98224
0.979142	0.980257
0.976747	0.978127
0.974266	0.975889
0.971746	0.973581
0.969232	0.971245
0.966771	0.968925
0.964412	0.966665
0.962199	0.964506
0.960175	0.962491
0.958382	0.960658
0.956855	0.959045
0.955626	0.957684
0.954721	0.956603
0.954158	0.955824
0.953949	0.955364
0.954097	0.955233
0.954601	0.955433
0.955448	0.955961
0.956622	0.956807
0.958098	0.957951
0.959844	0.959372
0.961825	0.96104
0.964001	0.96292
0.96633	0.964978
0.968765	0.967172
0.971261	0.96946
0.97377	0.971799
0.976246	0.974144
0.978644	0.976454
0.980921	0.978686
0.983038	0.980801
0.984957	0.982762
0.986646	0.984534
0.988078	0.986089
0.989229	0.987401
0.990079	0.988447
0.990617	0.989209
0.990831	0.989676
0.990721	0.989839
0.990287	0.989696
0.989537	0.989249
0.988483	0.988506
0.987142	0.987478
0.985537	0.986181
0.983694	0.984638
0.981645	0.982874
0.979426	0.980919
0.977074	0.978806
0.974631	0.976573
0.972142	0.974257
0.969653	0.971902
0.967209	0.96955
0.964858	0.967245
0.962645	0.96503
0.960612	0.96295
0.958801	0.961044
0.957247	0.95935
0.955984	0.957904
0.955037	0.956733
0.954425	0.955864
0.954161	0.955313
0.954251	0.955093
0.954693	0.955208
0.955476	0.955657
0.956585	0.956429
0.957996	0.957509
0.959681	0.958876
0.961604	0.960501
0.963726	0.962351
0.966007	0.964391
0.968401	0.966579
0.970862	0.968873
0.973345	0.97123
0.975803	0.973606
0.978191	0.975956
0.980467	0.978239
0.98259	0.980414
0.984525	0.982442
0.986237	0.984288
0.9877	0.985922
0.988889	0.987316
0.989784	0.988446
0.990371	0.989295
0.990641	0.989848
0.990589	0.990096
0.990216	0.990034
0.989528	0.989664
0.988537	0.988992
0.987259	0.988027
0.985716	0.986787
0.983933	0.985291
0.98194	0.983563
0.979772	0.981634
0.977465	0.979534
0.975061	0.977301
0.972603	0.974974
0.970136	0.972594
0.967706	0.970205
0.965358	0.967851
0.963139	0.965577
0.961092	0.963426
0.959257	0.96144
0.957672	0.959659
0.956369	0.958119
0.955374	0.95685
0.954708	0.95588
0.954385	0.955227
0.954411	0.954907
0.954785	0.954925
0.9555	0.955283
0.956539	0.955971
0.957882	0.956977
0.959501	0.95828
0.961362	0.959853
0.963428	0.961666
0.965657	0.96368
0.968005	0.965857
0.970428	0.968154
0.972879	0.970528
0.975313	0.972933
0.977685	0.975325
0.979954	0.97766
0.982078	0.979896
0.984022	0.981994
0.985752	0.983918
0.987239	0.985634
0.98846	0.987114
0.989393	0.988334
0.990024	0.989272
0.990343	0.989914
0.990345	0.990249
0.990029	0.990272
0.989402	0.989983
0.988474	0.989384
0.987259	0.988487
0.985777	0.987304
0.984055	0.985856
0.98212	0.984166
0.980006	0.982262
0.97775	0.980177
0.97539	0.977946
0.97297	0.97561
0.970533	0.973208
0.968125	0.970785
0.965791	0.968387
0.963577	0.966057
0.961526	0.963841
0.959678	0.961783
0.95807	0.959922
0.956735	0.958296
0.955701	0.956938
0.954988	0.955877
0.954612	0.955135
0.95458	0.954727
0.954892	0.954662
0.955543	0.954942
0.956517	0.95556
0.957795	0.956506
0.959349	0.957758
0.961149	0.959293
0.963157	0.961077
0.965333	0.963076
0.967635	0.965249
0.97002	0.967556
0.97244	0.96995
0.974852	0.972388
0.97721	0.974823
0.979471	0.97721
0.981597	0.979507
0.98355	0.981672
0.985296	0.983667
0.986807	0.985457
0.988055	0.987013
0.989023	0.988308
0.989696	0.989323
0.990062	0.990041
0.990116	0.99045
0.989857	0.990543
0.98929	0.990319
0.988424	0.98978
0.987274	0.988936
0.985858	0.9878
0.984201	0.98639
0.982331	0.984729
0.980278	0.982845
0.97808	0.98077
0.975774	0.978539
0.973401	0.976192
0.971005	0.97377
0.96863	0.971318
0.966321	0.96888
0.964122	0.966503
0.962076	0.964231
0.960222	0.96211
0.958599	0.96018
0.957238	0.958481
0.956167	0.957047
0.955409	0.955907
0.954979	0.955087
0.954886	0.954603
0.955131	0.954465
0.95571	0.954678
0.956609	0.955236
0.957811	0.956129
0.959289	0.957336
0.961014	0.958836
0.96295	0.960595
0.965059	0.962579
0.967299	0.964747
0.969628	0.967059
0.972002	0.969468
0.974375	0.971929
0.976703	0.974397
0.978947	0.976825
0.981065	0.97917
0.983022	0.98139
0.984784	0.983445
0.986321	0.985301
0.987607	0.986926
0.98862	0.988293
0.989346	0.989379
0.989772	0.990166
0.989891	0.990642
0.989701	0.990797
0.989206	0.99063
0.988414	0.990142
0.987338	0.989343
0.985996	0.988244
0.984411	0.986864
0.982609	0.985225
0.980622	0.983354
0.978482	0.981283
0.976228	0.979047
0.9739	0.976685
0.971539	0.97424
0.969188	0.971755
0.966891	0.969276
0.964693	0.966849
0.962636	0.964522
0.96076	0.962339
0.959102	0.960343
0.957697	0.958574
0.956572	0.957069
0.95575	0.955858
0.955249	0.954967
0.955078	0.954415
0.955242	0.954212
0.955736	0.954364
0.956551	0.954867
0.957667	0.955713
0.959064	0.956881
0.960711	0.95835
0.962575	0.960089
0.964619	0.962062
0.966802	0.964232
0.969082	0.966554
0.971415	0.968984
0.973759	0.971474
0.97607	0.973977
0.978307	0.976448
0.98043	0.978841
0.982402	0.981115
0.984189	0.983229
0.985761	0.985146
0.987092	0.986835
0.988161	0.988267
0.988949	0.989419
0.989443	0.99027
0.989637	0.990808
0.989527	0.991024
0.989114	0.990913
0.988406	0.990477
0.987416	0.989723
0.986158	0.988664
0.984654	0.987316
0.982931	0.985701
0.981016	0.983846
0.978944	0.981783
0.976749	0.979545
0.974472	0.977173
0.972151	0.974708
0.969831	0.972195
0.967554	0.969679
0.965363	0.967208
0.9633	0.964829
0.961405	0.962589
0.959716	0.960531
0.958268	0.958696
0.957088	0.957124
0.956202	0.955844
0.955628	0.954885
0.955376	0.954267
0.955454	0.954002
0.955857	0.954097
0.956579	0.954549
0.957603	0.95535
0.958909	0.956483
0.960469	0.957923
0.962253	0.959643
0.964223	0.961607
0.966341	0.963775
0.968566	0.966104
0.970856	0.96855
0.973167	0.971063
0.975456	0.973598
0.977684	0.976107
0.979809	0.978545
0.981794	0.980869
0.983606	0.983037
0.985213	0.985011
0.98659	0.986759
0.987712	0.98825
0.988561	0.989461
0.989125	0.990371
0.989393	0.990964
0.989362	0.991233
0.989032	0.991171
0.988409	0.990779
0.987502	0.990064
0.986328	0.989037
0.984905	0.987715
0.983257	0.98612
0.981413	0.984277
0.979403	0.982219
0.977263	0.979979
0.975031	0.977597
0.972746	0.975115
0.970451	0.972578
0.968187	0.970031
0.965997	0.967522
0.963923	0.9651
0.962004	0.962811
0.960279	0.960701
0.958782	0.958811
0.957543	0.95718
0.956587	0.955841
0.955935	0.954823
0.955598	0.954147
0.955586	0.953828
0.955896	0.953873
0.956523	0.95428
0.957453	0.955042
0.958667	0.956143
0.96014	0.957559
0.961842	0.95926
0.963739	0.961213
0.965793	0.963378
0.967965	0.965712
0.970213	0.968169
0.972494	0.970703
0.974767	0.973263
0.976991	0.975804
0.979124	0.978279
0.981131	0.980644
0.982975	0.982856
0.984626	0.984878
0.986055	0.986674
0.987239	0.988215
0.988157	0.989474
0.988796	0.990432
0.989144	0.991072
0.989198	0.991384
0.988954	0.991363
0.988419	0.991008
0.987599	0.990326
0.98651	0.989327
0.985169	0.988028
0.983598	0.98645
0.981824	0.984619
0.979878	0.982566
0.977794	0.980326
0.975607	0.977938
0.973358	0.975444
0.971086	0.972889
0.968835	0.970319
0.966646	0.967782
0.96456	0.965327
0.962618	0.963
0.960857	0.960848
0.959313	0.958915
0.958015	0.957238
0.956993	0.955853
0.956264	0.954789
0.955845	0.954069
0.955744	0.953708
0.955964	0.953713
0.9565	0.954084
0.95734	0.954815
0.958466	0.955888
0.959856	0.957283
0.961482	0.958969
0.963311	0.960913
0.965306	0.963075
0.967429	0.965411
0.969639	0.967877
0.971895	0.970423
0.974153	0.973003
0.976373	0.975568
0.978516	0.978072
0.980541	0.980469
0.982415	0.982717
0.984104	0.984777
0.98558	0.986614
0.98682	0.988197
0.987802	0.989498
0.988509	0.990498
0.988931	0.991178
0.989061	0.991529
0.988896	0.991545
0.988439	0.991224
0.987699	0.990572
0.986686	0.989601
0.985419	0.988324
0.983918	0.986764
0.982208	0.984946
0.980319	0.982901
0.978284	0.980664
0.976138	0.978272
0.973919	0.975768
0.971669	0.973197
0.969428	0.970606
0.967238	0.968043
0.965139	0.965556
0.963174	0.963195
0.96138	0.961003
0.959793	0.959026
0.958445	0.957305
0.957362	0.955873
0.956567	0.954762
0.956076	0.953995
0.955899	0.953589
0.956039	0.953551
0.956494	0.953884
0.957254	0.95458
0.958303	0.955623
0.959621	0.956994
0.961179	0.958662
0.962948	0.960593
0.96489	0.962748
0.966969	0.965084
0.969144	0.967555
0.971374	0.970112
0.973618	0.972707
0.975833	0.975291
0.97798	0.977818
0.980022	0.980242
0.98192	0.98252
0.983644	0.984612
0.985163	0.986483
0.986453	0.988101
0.987491	0.989439
0.988261	0.990475
0.98875	0.991192
0.988949	0.991578
0.988857	0.991626
0.988475	0.991337
0.987808	0.990715
0.986868	0.989769
0.985671	0.988516
0.984236	0.986975
0.982588	0.985173
0.980753	0.983138
0.978765	0.980906
0.976657	0.978516
0.974468	0.976009
0.972235	0.97343
0.970002	0.970826
0.967808	0.968244
0.965695	0.965735
0.963704	0.963347
0.961874	0.961127
0.96024	0.959119
0.958836	0.957364
0.95769	0.955898
0.956825	0.954752
0.956259	0.95395
0.956003	0.953509
0.956063	0.953438
0.956437	0.953739
0.957118	0.954405
0.958091	0.955422
0.959337	0.95677
0.960829	0.958419
0.962539	0.960336
0.964431	0.962482
0.966469	0.964815
0.968613	0.967287
0.970822	0.96985
0.973056	0.972457
0.975273	0.975057
0.977431	0.977604
0.979494	0.980051
0.981424	0.982354
0.983187	0.984475
0.984754	0.986377
0.986099	0.988028
0.987198	0.989401
0.988033	0.990472
0.988592	0.991225
0.988864	0.991647
0.988846	0.991732
0.988537	0.991479
0.987944	0.990891
0.987075	0.989978
0.985946	0.988753
0.984574	0.987239
0.982984	0.985458
0.981201	0.983442
0.979257	0.981225
0.977185	0.978844
0.975022	0.97634
0.972807	0.973758
0.97058	0.971146
0.968382	0.968551
0.966256	0.966023
0.96424	0.96361
0.962374	0.96136
0.960696	0.959317
0.959238	0.957524
0.95803	0.956016
0.957096	0.954826
0.956456	0.953977
0.956121	0.953488
0.956101	0.95337
0.956394	0.953625
0.956994	0.954248
0.957889	0.955225
0.95906	0.956536
0.960485	0.958153
0.962134	0.960044
0.963974	0.96217
0.965969	0.964487
0.968081	0.96695
0.970268	0.969511
0.97249	0.972121
0.974705	0.974731
0.976874	0.977293
0.978956	0.979761
0.980915	0.98209
0.982717	0.984241
0.984333	0.986178
0.985733	0.987867
0.986896	0.989282
0.987801	0.990398
0.988434	0.991197
0.988785	0.991667
0.988848	0.991802
0.988625	0.991598
0.988116	0.991059
0.98733	0.990193
0.986279	0.989012
0.98498	0.987537
0.983455	0.98579
0.981729	0.983802
0.979833	0.981606
0.9778	0.979241
0.975665	0.976746
0.973466	0.974167
0.971244	0.971549
0.969038	0.968942
0.966889	0.966394
0.96484	0.963954
0.962928	0.961669
0.961192	0.959586
0.959666	0.957746
0.95838	0.956187
0.95736	0.954942
0.956628	0.954037
0.956197	0.95349
0.956078	0.953313
0.956272	0.953511
0.956776	0.954079
0.957579	0.955005
0.958665	0.95627
0.960012	0.957846
0.961591	0.959702
0.963373	0.9618
0.965321	0.964096
0.967399	0.966546
0.969565	0.969102
0.97178	0.971715
0.974002	0.974335
0.976191	0.976915
0.978306	0.979407
0.980312	0.981768
0.982172	0.983956
0.983855	0.985933
0.985332	0.987668
0.986579	0.989129
0.987574	0.990295
0.988302	0.991145
0.98875	0.991667
0.988912	0.991851
0.988784	0.991695
0.988368	0.991201
0.987671	0.990377
0.986706	0.989236
0.985486	0.987797
0.984034	0.986084
0.982373	0.984125
0.980531	0.981953
0.978541	0.979605
0.976437	0.977123
0.974256	0.97455
0.972036	0.971933
0.96982	0.96932
0.967647	0.96676
0.965558	0.964302
0.963593	0.961995
0.961792	0.959883
0.960188	0.958009
0.958815	0.956412
0.9577	0.955124
0.956865	0.954172
0.956328	0.953578
0.956099	0.953352
0.956184	0.953501
0.95658	0.954021
0.957279	0.954901
0.958267	0.956121
0.959525	0.957657
0.961026	0.959476
0.962741	0.961542
0.964636	0.963812
0.966673	0.966241
0.968814	0.968782
0.971017	0.971386
0.973243	0.974004
0.975449	0.976588
0.977595	0.979091
0.979643	0.981467
0.981558	0.983676
0.983306	0.98568
0.984858	0.987444
0.986188	0.98894
0.987275	0.990143
0.988098	0.991033
0.988646	0.991595
0.988909	0.991822
0.988882	0.991708
0.988567	0.991257
0.987968	0.990474
0.987095	0.989374
0.985962	0.987973
0.984589	0.986296
0.982998	0.98437
0.981215	0.982228
0.979271	0.979905
0.977199	0.977442
0.975036	0.974883
0.97282	0.972273
0.970591	0.96966
0.968391	0.967095
0.966261	0.964626
0.964241	0.962299
0.962371	0.960162
0.960686	0.958256
0.959221	0.956622
0.958005	0.955292
0.957062	0.954294
0.956412	0.95365
0.956068	0.953372
0.956037	0.953468
0.956321	0.953933
0.956912	0.95476
0.9578	0.955929
0.958965	0.957417
0.960386	0.959192
0.962032	0.961219
0.963872	0.963455
0.965869	0.965857
0.967984	0.968376
0.970178	0.970967
0.972409	0.973578
0.974636	0.976162
0.97682	0.978672
0.978921	0.981063
0.980901	0.983293
0.982727	0.985325
0.984367	0.987122
0.985792	0.988656
0.986979	0.989901
0.987909	0.990837
0.988565	0.991449
0.988937	0.991726
0.989018	0.991665
0.988808	0.991266
0.988309	0.990536
0.98753	0.989488
0.986483	0.988137
0.985186	0.986507
0.98366	0.984625
0.981932	0.982522
0.98003	0.980234
0.977988	0.977801
0.975841	0.975266
0.973628	0.972673
0.971387	0.970071
0.969159	0.967508
0.966987	0.965033
0.964912	0.962694
0.962973	0.960538
0.961208	0.958606
0.959651	0.956939
0.958334	0.955571
0.957284	0.954531
0.956523	0.953839
0.956065	0.953511
0.955921	0.953554
0.956093	0.953967
0.95658	0.954741
0.957369	0.955859
0.958446	0.957298
0.959789	0.959028
0.96137	0.961014
0.963157	0.963214
0.965117	0.965586
0.967209	0.968081
0.969395	0.970652
0.971633	0.97325
0.973882	0.975827
0.976101	0.978335
0.97825	0.98073
0.98029	0.98297
0.982186	0.985016
0.983904	0.986834
0.985417	0.988394
0.986699	0.989669
0.987727	0.990638
0.988485	0.991287
0.988961	0.991605
0.989146	0.991586
0.989038	0.991232
0.988638	0.990547
0.987952	0.989544
0.986992	0.988239
0.985773	0.986652
0.984315	0.984812
0.982643	0.982747
0.980784	0.980494
0.978772	0.978092
0.976639	0.975581
0.974424	0.973008
0.972167	0.970419
0.969908	0.967863
0.967691	0.965389
0.965555	0.963043
0.963543	0.960874
0.961692	0.958924
0.96004	0.957232
0.958621	0.955833
0.957463	0.954756
0.95659	0.954025
0.956019	0.953654
0.955763	0.953651
0.955828	0.954015
0.956211	0.95474
0.956906	0.955809
0.957899	0.9572
0.959168	0.958884
0.960688	0.960826
0.962429	0.962985
0.964356	0.96532
0.966431	0.967783
0.968614	0.970328
0.970863	0.972906
0.973137	0.975468
0.975393	0.977969
0.977591	0.980362
0.979692	0.982606
0.981659	0.984663
0.983457	0.986497
0.985056	0.988078
0.986429	0.98938
0.987552	0.990381
0.988407	0.991065
0.98898	0.991421
0.98926	0.991444
0.989245	0.991133
0.988933	0.990494
0.98833	0.989537
0.987445	0.988277
0.986293	0.986737
0.984893	0.984941
0.983268	0.982919
0.981446	0.980707
0.979458	0.978342
0.977337	0.975865
0.975121	0.973321
0.972849	0.970756
0.970563	0.968219
0.968304	0.965756
0.966116	0.963416
0.96404	0.961244
0.962116	0.959284
0.960382	0.957576
0.958873	0.956153
0.95762	0.955046
0.956647	0.954278
0.955977	0.953865
0.955623	0.953815
0.955592	0.954131
0.955886	0.954804
0.956498	0.955819
0.957416	0.957157
0.958621	0.958788
0.960089	0.960679
0.96179	0.962791
0.96369	0.965083
0.965752	0.967508
0.967935	0.970019
0.970199	0.972569
0.972499	0.975111
0.974794	0.977597
0.977043	0.979984
0.979204	0.982229
0.98124	0.984294
0.983115	0.986143
0.984797	0.987745
0.986257	0.989074
0.987471	0.990108
0.988418	0.990831
0.989084	0.99123
0.989457	0.991301
0.98953	0.99104
0.989302	0.990454
0.988778	0.989551
0.987964	0.988347
0.986875	0.986861
0.985527	0.985117
0.983944	0.983145
0.982152	0.980979
0.980181	0.978655
0.978066	0.976216
0.975843	0.973703
0.973552	0.971163
0.971235	0.968642
0.968933	0.966189
0.966689	0.96385
0.964547	0.961671
0.962548	0.959695
0.960731	0.957963
0.959134	0.95651
0.957787	0.955366
0.95672	0.954553
0.955954	0.95409
0.955505	0.953986
0.955382	0.954243
0.955588	0.954855
0.95612	0.955808
0.956966	0.957084
0.958109	0.958655
0.959526	0.960489
0.961188	0.962548
0.963061	0.96479
0.965109	0.96717
0.967292	0.969644
0.969566	0.972163
0.97189	0.97468
0.974219	0.977148
0.976512	0.979524
0.978727	0.981766
0.980825	0.983834
0.982769	0.985693
0.984526	0.987313
0.986065	0.988665
0.98736	0.989729
0.988389	0.990487
0.989136	0.990927
0.989588	0.991042
0.989738	0.99083
0.989582	0.990295
0.989124	0.989445
0.98837	0.988295
0.987333	0.986864
0.986029	0.985176
0.98448	0.983257
0.982712	0.981142
0.980754	0.978867
0.978641	0.976471
0.976409	0.973996
0.974098	0.971489
0.971749	0.968994
0.969405	0.96656
0.96711	0.964232
0.964908	0.962056
0.962842	0.960075
0.960952	0.958331
0.959276	0.956857
0.957849	0.955683
0.956698	0.954835
0.95585	0.95433
0.95532	0.954178
0.955121	0.954382
0.955257	0.954938
0.955725	0.955833
0.956516	0.957049
0.957613	0.95856
0.958994	0.960334
0.960631	0.962336
0.962492	0.964525
0.964539	0.966858
0.966732	0.969289
0.969029	0.971771
0.971385	0.974259
0.973756	0.976706
0.976098	0.979068
0.97837	0.981303
0.980531	0.983372
0.982543	0.985241
0.984372	0.986878
0.985987	0.988256
0.98736	0.989352
0.988468	0.990148
0.989293	0.990631
0.989821	0.990795
0.990043	0.990636
0.989956	0.990158
0.98956	0.989369
0.988863	0.98828
0.987874	0.98691
0.98661	0.985283
0.985093	0.983425
0.983346	0.981369
0.9814	0.979148
0.979288	0.976803
0.977046	0.974375
0.974715	0.971907
0.972334	0.969445
0.969949	0.967035
0.967604	0.964722
0.965343	0.962553
0.963209	0.96057
0.961245	0.958812
0.959489	0.957315
0.957978	0.956109
0.956741	0.95522
0.955805	0.954665
0.955189	0.954457
0.954908	0.9546
0.954966	0.95509
0.955363	0.955916
0.956091	0.957062
0.957135	0.958503
0.958473	0.960209
0.960078	0.962144
0.961918	0.964271
0.963955	0.966546
0.96615	0.968925
0.96846	0.971363
0.970841	0.973814
0.973248	0.976233
0.975636	0.978576
0.977961	0.980801
0.980184	0.982869
0.982264	0.984746
0.984166	0.986399
0.985857	0.987802
0.987309	0.988932
0.988498	0.98977
0.989404	0.990302
0.99001	0.990521
0.990307	0.990421
0.990291	0.990006
0.98996	0.989282
0.989322	0.988261
0.988384	0.986961
0.987164	0.985402
0.98568	0.983611
0.983957	0.981617
0.982024	0.979455
0.979914	0.977164
0.977663	0.974782
0.975311	0.972353
0.972898	0.969922
0.97047	0.967533
0.96807	0.965232
0.965746	0.963063
0.963541	0.961069
0.961498	0.959289
0.959659	0.95776
0.95806	0.956512
0.956734	0.955571
0.95571	0.954957
0.955008	0.954682
0.954644	0.954753
0.954625	0.955166
0.954952	0.955913
0.955618	0.956979
0.956611	0.95834
0.957908	0.959969
0.959485	0.961832
0.961308	0.963891
0.963341	0.966106
0.965544	0.968432
0.967872	0.970826
0.970283	0.973242
0.972729	0.975636
0.975166	0.977965
0.977548	0.980186
0.979834	0.982261
0.981983	0.984154
0.983957	0.985834
0.985724	0.987272
0.987252	0.988444
0.988517	0.989331
0.989497	0.98992
0.990176	0.990201
0.990542	0.990169
0.99059	0.989825
0.990319	0.989175
0.989733	0.988229
0.988841	0.987005
0.987658	0.985521
0.986202	0.983803
0.984498	0.98188
0.982575	0.979785
0.980464	0.977553
0.978203	0.975225
0.975831	0.972842
0.973389	0.970448
0.970924	0.968088
0.968479	0.965805
0.966101	0.963644
0.963837	0.961646
0.961729	0.959851
0.959821	0.958295
0.95815	0.95701
0.956752	0.956022
0.955655	0.955351
0.954882	0.955011
0.95445	0.955009
0.954369	0.955345
0.954639	0.956012
0.955257	0.956994
0.956208	0.958273
0.957473	0.959821
0.959027	0.961607
0.960836	0.963594
0.962866	0.965744
0.965075	0.968014
0.96742	0.970361
0.969856	0.97274
0.972335	0.975107
0.974813	0.977419
0.977243	0.979634
0.979582	0.981713
0.98179	0.983622
0.983826	0.985327
0.985657	0.9868
0.98725	0.988015
0.988581	0.988954
0.989626	0.989601
0.990368	0.989945
0.990796	0.989981
0.990902	0.989709
0.990683	0.989132
0.990145	0.988262
0.989294	0.987112
0.988145	0.985702
0.986717	0.984055
0.985032	0.982199
0.98312	0.980167
0.981011	0.977993
0.978742	0.975715
0.976354	0.973374
0.973887	0.971012
0.971387	0.968672
0.9689	0.9664
0.966471	0.964238
0.964148	0.962229
0.961976	0.960411
0.959999	0.958821
0.958256	0.957492
0.956784	0.956449
0.955613	0.955714
0.954767	0.955303
0.954266	0.955224
0.954118	0.955478
0.954329	0.956059
0.954893	0.956956
0.955798	0.95815
0.957027	0.959616
0.958553	0.961323
0.960345	0.963238
0.962367	0.965322
0.964577	0.967534
0.966934	0.969831
0.969389	0.97217
0.971898	0.974508
0.974411	0.976802
0.976884	0.979009
0.979271	0.981093
0.981532	0.983016
0.983626	0.984747
0.985518	0.986254
0.987174	0.987514
0.988567	0.988505
0.989675	0.989212
0.990479	0.989622
0.990965	0.989729
0.991127	0.989532
0.990959	0.989033
0.990467	0.988242
0.989657	0.987172
0.988543	0.98584
0.987143	0.984268
0.985478	0.982484
0.983578	0.980519
0.981474	0.978405
0.979202	0.97618
0.976802	0.973884
0.974315	0.971558
0.971787	0.969244
0.969264	0.966985
0.966793	0.964825
0.964422	0.962805
0.962196	0.960966
0.96016	0.959343
0.958356	0.957969
0.95682	0.956873
0.955584	0.956076
0.954675	0.955595
0.954111	0.955439
0.953905	0.955613
0.954062	0.95611
0.954578	0.956923
0.955442	0.958032
0.956637	0.959416
0.958139	0.961046
0.959915	0.962889
0.96193	0.964908
0.964143	0.967063
0.966511	0.969313
0.968986	0.971615
0.971523	0.973926
0.974073	0.976204
0.976589	0.978407
0.979025	0.980497
0.981339	0.982437
0.98349	0.984195
0.985442	0.98574
0.98716	0.987047
0.988617	0.988094
0.989787	0.988864
0.990652	0.989344
0.991197	0.989527
0.991415	0.98941
0.9913	0.988996
0.990854	0.988291
0.990086	0.987306
0.989006	0.986058
0.987633	0.984568
0.985989	0.982861
0.984101	0.980967
0.982001	0.978918
0.979724	0.97675
0.977311	0.9745
0.974804	0.97221
0.972247	0.96992
0.969688	0.967674
0.967175	0.965513
0.964755	0.96348
0.962475	0.961613
0.960381	0.95995
0.958514	0.958525
0.956913	0.957364
0.95561	0.956494
0.954634	0.95593
0.954004	0.955685
0.953734	0.955763
0.95383	0.956162
0.954291	0.956875
0.955106	0.957885
0.956258	0.959173
0.957724	0.960711
0.959473	0.962468
0.961471	0.964409
0.963676	0.966496
0.966045	0.968689
0.968531	0.970944
0.971088	0.973221
0.973666	0.975477
0.976218	0.977672
0.978697	0.979765
0.981059	0.981722
0.983264	0.983508
0.985272	0.985093
0.98705	0.98645
0.988568	0.987558
0.9898	0.988397
0.990727	0.988954
0.991333	0.989221
0.991609	0.989193
0.99155	0.98887
0.991156	0.988259
0.990435	0.987369
0.989397	0.986215
0.988059	0.984816
0.986442	0.983196
0.984575	0.981381
0.982487	0.979404
0.980214	0.977298
0.977795	0.9751
0.975272	0.972848
0.972691	0.970585
0.9701	0.968352
0.967547	0.96619
0.96508	0.964142
0.962747	0.962246
0.960594	0.96054
0.958666	0.959057
0.956999	0.957829
0.95563	0.956879
0.954586	0.956226
0.95389	0.955883
0.953556	0.955858
0.953592	0.956151
0.953996	0.956756
0.954761	0.95766
0.955872	0.958844
0.957303	0.960285
0.959027	0.961952
0.961008	0.963814
0.963206	0.965832
0.965576	0.967969
0.968073	0.970183
0.970648	0.972432
0.973253	0.974674
0.975838	0.976869
0.978357	0.978977
0.980765	0.980962
0.983021	0.982788
0.985084	0.984425
0.986921	0.985846
0.9885	0.987027
0.989795	0.987948
0.990784	0.988595
0.991452	0.988956
0.991788	0.989027
0.991786	0.988807
0.991446	0.988299
0.990774	0.987511
0.98978	0.986456
0.988481	0.985152
0.986897	0.983621
0.985054	0.981889
0.982984	0.979985
0.980722	0.977942
0.978305	0.975795
0.975778	0.973583
0.973183	0.971346
0.970569	0.969124
0.967985	0.966959
0.965479	0.964892
0.9631	0.962964
0.960895	0.961212
0.958907	0.95967
0.957177	0.958369
0.955742	0.957336
0.954631	0.956591
0.953868	0.95615
0.95347	0.956021
0.953445	0.956206
0.953793	0.956703
0.954508	0.9575
0.955574	0.958581
0.956969	0.959925
0.958664	0.961503
0.960624	0.963284
0.962808	0.965233
0.965175	0.967311
0.967675	0.969481
0.970261	0.971699
0.972884	0.973925
0.975494	0.976118
0.978045	0.978238
0.980489	0.980248
0.982785	0.982113
0.984892	0.9838
0.986775	0.985283
0.988401	0.986535
0.989744	0.987536
0.990781	0.98827
0.991496	0.988725
0.991878	0.988893
0.991919	0.988772
0.991619	0.988364
0.990983	0.987674
0.990022	0.986716
0.988749	0.985504
0.987187	0.98406
0.985361	0.982407
0.983301	0.980573
0.981043	0.978589
0.978624	0.97649
0.976088	0.974313
0.97348	0.972097
0.970849	0.969883
0.968242	0.967711
0.965709	0.965622
0.963299	0.963656
0.961058	0.961852
0.959033	0.960245
0.957264	0.958868
0.955787	0.957747
0.954633	0.956907
0.953828	0.956363
0.953388	0.956128
0.953321	0.956205
0.953631	0.956594
0.95431	0.957285
0.955343	0.958265
0.95671	0.959513
0.958382	0.961005
0.960323	0.962711
0.962495	0.964595
0.964854	0.966622
0.967353	0.968752
0.969944	0.970944
0.972577	0.973157
0.975205	0.975351
0.977777	0.977487
0.980248	0.979524
0.982575	0.98143
0.984716	0.983169
0.986636	0.984714
0.988301	0.986038
0.989684	0.987119
0.990762	0.987939
0.991518	0.988485
0.991938	0.988748
0.992017	0.988724
0.991753	0.988413
0.991149	0.987821
0.990217	0.986956
0.98897	0.985834
0.987429	0.984473
0.985621	0.982897
0.983575	0.98113
0.981326	0.979204
0.978913	0.977152
0.976379	0.97501
0.973769	0.972816
0.971129	0.97061
0.96851	0.968433
0.96596	0.966326
0.963528	0.964329
0.961262	0.96248
0.959208	0.960817
0.957408	0.959372
0.955898	0.958174
0.95471	0.957248
0.953868	0.956612
0.953391	0.956279
0.953289	0.956256
0.953564	0.956544
0.954209	0.957135
0.955213	0.958019
0.956553	0.959178
0.958202	0.960588
0.960125	0.96222
0.962283	0.964041
0.964634	0.966018
0.96713	0.96811
0.969723	0.970277
0.972363	0.972479
0.975	0.974675
0.977587	0.976825
0.980076	0.97889
0.982424	0.980834
0.98459	0.982624
0.986537	0.984228
0.988231	0.985621
0.989645	0.986778
0.990755	0.987682
0.991543	0.988316
0.991996	0.98867
0.992106	0.988739
0.991873	0.988521
0.991299	0.988021
0.990395	0.987247
0.989174	0.98621
0.987657	0.984928
0.985869	0.983422
0.98384	0.981718
0.981603	0.979845
0.979199	0.977834
0.976668	0.97572
0.974056	0.973542
0.971409	0.971338
0.968778	0.969149
0.96621	0.967015
0.963757	0.964977
0.961465	0.963075
0.959381	0.961345
0.957548	0.959822
0.956001	0.958536
0.954775	0.957513
0.953894	0.956774
0.953377	0.956335
0.953235	0.956204
0.953471	0.956384
0.95408	0.956872
0.955049	0.957657
0.956357	0.958723
0.957977	0.960048
0.959877	0.961606
0.962015	0.963366
0.964351	0.965291
0.966836	0.967346
0.969423	0.96949
0.972062	0.971684
0.974703	0.973885
0.977297	0.976054
0.979798	0.978151
0.982161	0.98014
0.984345	0.981986
0.986313	0.983656
0.988032	0.985124
0.989472	0.986363
0.990612	0.987355
0.991431	0.988082
0.991917	0.988532
0.992061	0.988698
0.991862	0.988578
0.991323	0.988172
0.990453	0.987489
0.989265	0.986539
0.987779	0.985338
0.986019	0.983905
0.984016	0.982264
0.981802	0.980445
0.979417	0.978475
0.976899	0.976391
0.974296	0.97423
0.971654	0.972029
0.969022	0.96983
0.96645	0.967673
0.963986	0.965598
0.961679	0.963646
0.959576	0.961855
0.957718	0.960259
0.956144	0.95889
0.954888	0.957777
0.953974	0.956942
0.953423	0.956403
0.953246	0.95617
0.953447	0.956248
0.954022	0.956637
0.954958	0.957327
0.956236	0.958305
0.957828	0.959552
0.959701	0.961041
0.961818	0.962742
0.964134	0.964623
0.966605	0.966647
0.969181	0.968774
0.971814	0.970965
0.974453	0.973177
0.977051	0.975372
0.979559	0.977508
0.981933	0.979548
0.984133	0.981455
0.98612	0.983198
0.987861	0.984747
0.989328	0.986075
0.990497	0.987161
0.991348	0.987986
0.991868	0.988537
0.99205	0.988804
0.991889	0.988783
0.991388	0.988475
0.990557	0.987883
0.989407	0.987019
0.987959	0.985896
0.986236	0.984533
0.984265	0.982953
0.982081	0.981181
0.97972	0.979249
0.977224	0.977189
0.974636	0.975037
0.972004	0.972833
0.969377	0.970616
0.966803	0.968428
0.964332	0.966308
0.962013	0.964299
0.959892	0.962437
0.95801	0.960759
0.956407	0.9593
0.955117	0.958088
0.954164	0.957148
0.953571	0.9565
0.953349	0.956156
0.953503	0.956125
0.954029	0.956407
0.954916	0.956997
0.956146	0.957881
0.957692	0.959043
0.959523	0.960458
0.961601	0.962098
0.963884	0.96393
0.966325	0.965918
0.968877	0.968025
0.971491	0.970209
0.974118	0.972429
0.976709	0.974645
0.979216	0.976816
0.981595	0.978904
0.983804	0.980872
0.985807	0.982684
0.987569	0.98431
0.98906	0.985722
0.990256	0.986897
0.991138	0.987815
0.991691	0.98846
0.991908	0.988823
0.991783	0.988896
0.99132	0.98868
0.990527	0.988176
0.989415	0.987394
0.988003	0.986346
0.986314	0.985048
0.984376	0.983523
0.982221	0.981796
0.979887	0.979895
0.977415	0.977855
0.974848	0.97571
0.972232	0.973499
0.969616	0.971262
0.967049	0.96904
0.964579	0.966874
0.962256	0.964805
0.960124	0.962874
0.958226	0.961117
0.956601	0.95957
0.955283	0.958263
0.954299	0.957224
0.95367	0.956474
0.953409	0.956028
0.953521	0.955896
0.954004	0.956081
0.954848	0.956579
0.956034	0.957381
0.957538	0.958469
0.959327	0.959822
0.961366	0.961412
0.963612	0.963208
0.966021	0.965175
0.968547	0.967273
0.97114	0.969464
0.973752	0.971704
0.976334	0.973952
0.97884	0.976169
0.981225	0.978313
0.983447	0.980347
0.985467	0.982235
0.987253	0.983943
0.988773	0.985444
0.990003	0.986712
0.990922	0.987726
0.991516	0.98847
0.991775	0.988931
0.991696	0.989102
0.991279	0.988981
0.990534	0.988569
0.989472	0.987874
0.988112	0.986907
0.986474	0.985682
0.984585	0.984219
0.982477	0.982543
0.980185	0.980681
0.977752	0.978666
0.975219	0.976533
0.972631	0.974319
0.970037	0.972065
0.967485	0.96981
0.965023	0.967598
0.962699	0.96547
0.960559	0.963466
0.958644	0.961626
0.956995	0.959986
0.955645	0.95858
0.954622	0.957435
0.953949	0.956575
0.953637	0.956019
0.953695	0.955779
0.954121	0.955859
0.954906	0.956259
0.956033	0.95697
0.957479	0.957977
0.959212	0.959259
0.961198	0.96079
0.963395	0.962541
0.965759	0.964476
0.968246	0.966558
0.970806	0.968745
0.973391	0.970997
0.975953	0.973271
0.978446	0.975527
0.980824	0.977722
0.983047	0.979819
0.985075	0.98178
0.986874	0.98357
0.988415	0.985159
0.989671	0.986521
0.990624	0.987632
0.991256	0.988474
0.991559	0.989032
0.991528	0.989299
0.991163	0.989268
0.99047	0.988941
0.989461	0.988322
0.988152	0.987422
0.986564	0.986256
0.984725	0.984841
0.982664	0.983203
0.980416	0.981367
0.978022	0.979365
0.975523	0.977233
0.972963	0.975007
0.970391	0.972728
0.967852	0.970436
0.965397	0.968173
0.963071	0.965983
0.960921	0.963906
0.95899	0.961984
0.957315	0.960254
0.955933	0.95875
0.954872	0.957505
0.954153	0.956543
0.953793	0.955885
0.953797	0.955544
0.954167	0.955527
0.954894	0.955836
0.955961	0.956463
0.957348	0.957396
0.959024	0.958616
0.960955	0.960098
0.963102	0.961813
0.965421	0.963726
0.967867	0.965799
0.970391	0.967992
0.972948	0.970263
0.975488	0.972569
0.977965	0.974869
0.980336	0.977119
0.982559	0.97928
0.984596	0.981314
0.98641	0.983185
0.987973	0.984861
0.989259	0.986313
0.990247	0.987518
0.990921	0.988455
0.991269	0.98911
0.991288	0.98947
0.990977	0.989531
0.990341	0.98929
0.98939	0.988752
0.988141	0.987925
0.986613	0.986822
0.984832	0.985461
0.982829	0.983866
0.980637	0.982061
0.978295	0.980079
0.975843	0.977952
0.973325	0.975719
0.970788	0.973419
0.968277	0.971093
0.965841	0.968784
0.963526	0.966535
0.961379	0.964391
0.959441	0.962391
0.957752	0.960576
0.956346	0.958982
0.955253	0.957641
0.954495	0.956582
0.954088	0.955825
0.954041	0.955388
0.954353	0.955278
0.955018	0.955499
0.956022	0.956046
0.957345	0.956909
0.958957	0.95807
0.960827	0.959506
0.962916	0.961186
0.965182	0.963078
0.967579	0.965145
0.970063	0.967345
0.972584	0.969637
0.975097	0.971977
0.977556	0.974321
0.979915	0.976627
0.982135	0.978853
0.984177	0.98096
0.986006	0.982911
0.987591	0.984673
0.988906	0.986214
0.989929	0.98751
0.990646	0.988539
0.991043	0.989283
0.991114	0.989731
0.99086	0.989875
0.990284	0.989712
0.989395	0.989245
0.988209	0.988481
0.986745	0.987432
0.985026	0.986115
0.983083	0.984552
0.980947	0.982769
0.978657	0.980795
0.976252	0.978666
0.973775	0.976417
0.971271	0.974089
0.968785	0.971723
0.966365	0.969362
0.964057	0.967051
0.961906	0.964833
0.959955	0.962752
0.958242	0.960849
0.956804	0.959161
0.955667	0.957723
0.954858	0.956565
0.954391	0.955711
0.954277	0.955178
0.954519	0.954977
0.95511	0.955113
0.956038	0.955584
0.957282	0.95638
0.958818	0.957485
0.960613	0.958876
0.962631	0.960524
0.964832	0.962397
0.967171	0.964458
0.969603	0.966665
0.972083	0.968977
0.974562	0.971348
0.976996	0.973735
0.979341	0.976094
0.981555	0.978381
0.983601	0.980557
0.985443	0.982583
0.98705	0.984423
0.988395	0.986046
0.989458	0.987425
0.99022	0.988537
0.990669	0.989363
0.990798	0.989889
0.990605	0.990107
0.990094	0.990014
0.989273	0.989609
0.988156	0.988901
0.98676	0.987899
0.98511	0.98662
0.983234	0.985084
0.981162	0.983318
0.978931	0.981351
0.97658	0.979218
0.974151	0.976954
0.971686	0.974601
0.969233	0.972199
0.966836	0.969794
0.964542	0.967429
0.962394	0.96515
0.960436	0.963001
0.958707	0.961025
0.957241	0.959261
0.956069	0.957744
0.955214	0.956506
0.954695	0.955572
0.954521	0.954963
0.954697	0.954691
0.955219	0.954762
0.956075	0.955175
0.957247	0.955922
0.958711	0.956987
0.960436	0.958348
0.962387	0.959977
0.964526	0.961843
0.966809	0.963908
0.969192	0.96613
0.97163	0.968467
0.974077	0.970874
0.976488	0.973306
0.97882	0.975716
0.98103	0.978063
0.983081	0.980303
0.984938	0.982397
0.986569	0.98431
0.987948	0.986008
0.989052	0.987463
0.989863	0.98865
0.990367	0.98955
0.990558	0.990147
0.990432	0.990432
0.989991	0.9904
0.989243	0.990051
0.988199	0.989392
0.986879	0.988431
0.985303	0.987186
0.983499	0.985675
0.981495	0.983925
0.979328	0.981964
0.977033	0.979827
0.974653	0.977549
0.972229	0.975171
0.969806	0.972736
