0.991294	0.989216
0.990964	0.988914
0.990307	0.988318
0.989334	0.987436
0.988061	0.986284
0.986508	0.984878
0.984702	0.983245
0.982673	0.981409
0.980456	0.979405
0.978088	0.977265
0.975613	0.975028
0.973073	0.972734
0.970515	0.970425
0.967988	0.968144
0.965538	0.965932
0.963213	0.963832
0.961059	0.961886
0.959119	0.960131
0.957432	0.958603
0.956032	0.957333
0.95495	0.956346
0.954206	0.955664
0.953817	0.9553
0.953791	0.955263
0.954129	0.955551
0.954823	0.95616
0.955859	0.957078
0.957215	0.958284
0.958863	0.959756
0.96077	0.961462
0.962897	0.963369
0.965201	0.965438
0.967637	0.96763
0.970158	0.969902
0.972716	0.972212
0.975264	0.974517
0.977754	0.976775
0.980142	0.978944
0.982386	0.980987
0.984447	0.982869
0.98629	0.984556
0.987883	0.986021
0.989201	0.987238
0.990221	0.988189
0.990927	0.988857
0.991308	0.989232
0.991358	0.989309
0.991077	0.989084
0.990468	0.988564
0.989542	0.987755
0.988313	0.986671
0.986801	0.985329
0.985031	0.983752
0.983034	0.981965
0.980843	0.98
0.978496	0.97789
0.976034	0.975672
0.973501	0.973387
0.970943	0.971075
0.968408	0.968779
0.965944	0.966543
0.963596	0.964408
0.961412	0.962415
0.959435	0.960605
0.957706	0.959012
0.956259	0.957671
0.955125	0.956607
0.954326	0.955842
0.953881	0.955392
0.953798	0.955267
0.954079	0.955469
0.954719	0.955994
0.955702	0.95683
0.957009	0.957962
0.958613	0.959365
0.96048	0.961012
0.962573	0.962868
0.96485	0.964897
0.967265	0.96706
0.969772	0.969315
0.972323	0.971619
0.974871	0.973929
0.977368	0.976204
0.979769	0.978401
0.982033	0.980482
0.984119	0.982409
0.985992	0.98415
0.987621	0.985674
0.988977	0.986959
0.990041	0.98798
0.990793	0.988722
0.991223	0.989173
0.991323	0.989326
0.991091	0.989179
0.990531	0.988733
0.989653	0.987995
0.988471	0.986979
0.987002	0.985699
0.985273	0.984178
0.983311	0.98244
0.98115	0.980515
0.978826	0.978436
0.976382	0.976238
0.97386	0.973962
0.971305	0.971648
0.968767	0.96934
0.966291	0.967079
0.963926	0.96491
0.961717	0.962873
0.959709	0.961008
0.957942	0.959353
0.956451	0.95794
0.955269	0.956797
0.95442	0.955949
0.953922	0.955413
0.953785	0.9552
0.954012	0.955315
0.954599	0.955757
0.955533	0.956514
0.956794	0.957572
0.958356	0.95891
0.960186	0.960499
0.962246	0.962309
0.964496	0.964303
0.966891	0.966442
0.969384	0.968684
0.971929	0.970988
0.974477	0.97331
0.976982	0.975607
0.979399	0.977838
0.981684	0.979962
0.983798	0.981943
0.985705	0.983746
0.987372	0.985342
0.988772	0.986702
0.989882	0.987804
0.990683	0.988629
0.991164	0.989166
0.991316	0.989404
0.991137	0.989341
0.990631	0.988977
0.989804	0.988318
0.988671	0.987375
0.987251	0.986162
0.985565	0.9847
0.983644	0.983013
0.981518	0.981131
0.979225	0.979084
0.976806	0.976909
0.974302	0.974644
0.971759	0.97233
0.969224	0.970009
0.966744	0.967724
0.964367	0.965519
0.962139	0.963435
0.960104	0.961513
0.958303	0.95979
0.956772	0.958303
0.955544	0.95708
0.954644	0.956146
0.95409	0.955521
0.953895	0.955219
0.954064	0.955245
0.954591	0.955598
0.955466	0.956273
0.956671	0.957254
0.958179	0.958521
0.95996	0.96005
0.961978	0.961809
0.96419	0.963762
0.966555	0.965873
0.969026	0.968099
0.971555	0.970398
0.974095	0.972726
0.9766	0.975042
0.979025	0.977302
0.981326	0.979466
0.983463	0.981496
0.985399	0.983357
0.987102	0.985016
0.988543	0.986446
0.989699	0.987623
0.99055	0.988527
0.991082	0.989143
0.991288	0.989462
0.991164	0.989479
0.990712	0.989191
0.98994	0.988605
0.988859	0.987729
0.987487	0.98658
0.985848	0.985174
0.983969	0.983535
0.981881	0.98169
0.979621	0.979672
0.977227	0.977514
0.974743	0.975256
0.972212	0.972937
0.969681	0.970598
0.967198	0.968285
0.96481	0.966039
0.962563	0.963904
0.960501	0.961922
0.958667	0.96013
0.957095	0.958566
0.95582	0.957261
0.954866	0.956242
0.954255	0.955529
0.953998	0.955138
0.954102	0.955077
0.954563	0.955347
0.955373	0.955943
0.956513	0.956854
0.95796	0.958058
0.959685	0.959533
0.961652	0.961248
0.963823	0.963169
0.966152	0.965258
0.968596	0.967475
0.971106	0.969776
0.973637	0.972117
0.97614	0.974455
0.978571	0.976747
0.980885	0.978952
0.983043	0.981031
0.985006	0.982947
0.986742	0.984667
0.988222	0.986163
0.989421	0.987409
0.99032	0.988386
0.990905	0.989075
0.991166	0.989468
0.991099	0.989556
0.990707	0.989338
0.989994	0.988818
0.988973	0.988005
0.987659	0.986911
0.986076	0.985555
0.984248	0.983959
0.982208	0.982151
0.979988	0.98016
0.977628	0.97802
0.975171	0.975771
0.972659	0.973451
0.97014	0.971103
0.967661	0.968771
0.965268	0.966498
0.963009	0.964328
0.960927	0.962303
0.959065	0.960463
0.95746	0.958845
0.956145	0.957482
0.955147	0.956401
0.954486	0.955624
0.954176	0.955169
0.954224	0.955045
0.954629	0.955254
0.955382	0.955791
0.956468	0.956647
0.957863	0.957802
0.959539	0.959234
0.961463	0.960914
0.963594	0.962807
0.965892	0.964876
0.96831	0.967081
0.970803	0.96938
0.973323	0.971728
0.975823	0.974082
0.978259	0.976397
0.980586	0.978633
0.982763	0.98075
0.984753	0.982712
0.986522	0.984484
0.988041	0.986035
0.989283	0.987341
0.99023	0.98838
0.990865	0.989133
0.99118	0.989589
0.991168	0.989739
0.99083	0.989582
0.990171	0.98912
0.989203	0.988361
0.987941	0.987316
0.986407	0.986003
0.984624	0.984444
0.982623	0.982665
0.980439	0.980697
0.978109	0.978573
0.975674	0.976329
0.973179	0.974007
0.970668	0.971648
0.968187	0.969296
0.965784	0.966994
0.963504	0.964786
0.961392	0.962715
0.95949	0.960822
0.957836	0.959143
0.956464	0.957714
0.955401	0.956563
0.954671	0.955714
0.954289	0.955184
0.954262	0.954985
0.954591	0.95512
0.955268	0.955588
0.956281	0.956379
0.957606	0.957475
0.959218	0.958855
0.961082	0.96049
0.963162	0.962347
0.965414	0.964391
0.967796	0.96658
0.970261	0.968871
0.972761	0.971222
0.975252	0.973587
0.977689	0.975923
0.980027	0.97819
0.982224	0.980346
0.984242	0.982354
0.986049	0.984179
0.987613	0.98579
0.98891	0.98716
0.989918	0.988266
0.99062	0.98909
0.991005	0.989619
0.991067	0.989843
0.990805	0.989758
0.990223	0.989368
0.989331	0.988676
0.988142	0.987696
0.986677	0.986442
0.98496	0.984936
0.98302	0.983203
0.98089	0.981273
0.978605	0.979177
0.976206	0.976953
0.973736	0.974639
0.971239	0.972278
0.968761	0.969912
0.96635	0.967585
0.964052	0.965342
0.961911	0.963223
0.95997	0.961273
0.958267	0.95953
0.956838	0.958029
0.955711	0.9568
0.95491	0.95587
0.954452	0.955257
0.954347	0.954975
0.954595	0.955029
0.955193	0.955419
0.956126	0.956137
0.957376	0.957167
0.958917	0.958488
0.960717	0.960074
0.96274	0.961892
0.964946	0.963906
0.96729	0.966076
0.969728	0.96836
0.972213	0.970714
0.974699	0.973095
0.977141	0.975458
0.979495	0.977762
0.981719	0.979965
0.983774	0.982027
0.985626	0.983915
0.987243	0.985594
0.988597	0.987037
0.989668	0.98822
0.990437	0.989122
0.990892	0.989731
0.991026	0.990034
0.990837	0.990028
0.990328	0.989713
0.989507	0.989092
0.988388	0.988176
0.986988	0.986982
0.985331	0.985527
0.983445	0.983836
0.981363	0.981939
0.979119	0.979866
0.976753	0.977654
0.974307	0.975341
0.971824	0.97297
0.96935	0.970584
0.966932	0.968226
0.964614	0.96594
0.962443	0.963771
0.960461	0.961761
0.958709	0.959949
0.957221	0.958373
0.956027	0.957063
0.955153	0.956047
0.954617	0.955346
0.95443	0.954974
0.954596	0.954939
0.955112	0.955243
0.955965	0.955879
0.957139	0.956833
0.958609	0.958087
0.960345	0.959614
0.962311	0.961383
0.964468	0.963359
0.966774	0.965503
0.969182	0.967773
0.971648	0.970125
0.974126	0.972515
0.976571	0.974899
0.978937	0.977232
0.981184	0.979474
0.983271	0.981585
0.985163	0.983528
0.986827	0.98527
0.988237	0.986782
0.989367	0.988038
0.9902	0.989018
0.990723	0.989706
0.990926	0.99009
0.990808	0.990165
0.990369	0.989928
0.989618	0.989383
0.988566	0.98854
0.98723	0.987411
0.985632	0.986016
0.983801	0.984378
0.981766	0.982523
0.979562	0.980483
0.977227	0.978293
0.974803	0.975991
0.972333	0.973619
0.969862	0.971219
0.967436	0.968835
0.965101	0.966512
0.962903	0.964293
0.960884	0.962222
0.959086	0.960339
0.957543	0.958683
0.956287	0.957287
0.955345	0.95618
0.954735	0.955385
0.954469	0.954919
0.954554	0.954792
0.954987	0.955005
0.95576	0.955557
0.956855	0.956434
0.95825	0.957619
0.959916	0.959088
0.96182	0.96081
0.963923	0.962752
0.966184	0.964874
0.96856	0.967134
0.971003	0.96949
0.973469	0.971896
0.975911	0.974308
0.978286	0.976683
0.980552	0.978976
0.982669	0.981148
0.984601	0.98316
0.986314	0.984978
0.987782	0.986571
0.988979	0.987913
0.989885	0.98898
0.990487	0.989756
0.990774	0.990228
0.990742	0.990387
0.990391	0.990231
0.989728	0.989763
0.988763	0.98899
0.987512	0.987925
0.985995	0.986584
0.984239	0.98499
0.982272	0.98317
0.980128	0.981154
0.977845	0.978978
0.975462	0.976678
0.973021	0.974295
0.970568	0.971872
0.968147	0.969454
0.965806	0.967087
0.963587	0.964814
0.961535	0.962681
0.95969	0.960729
0.958089	0.958998
0.956766	0.957522
0.955748	0.956332
0.955054	0.955454
0.954701	0.954905
0.954694	0.954699
0.955035	0.954838
0.955716	0.95532
0.956722	0.956134
0.958033	0.957265
0.959622	0.958689
0.961456	0.960376
0.963499	0.962292
0.965708	0.964399
0.968042	0.966654
0.970455	0.969016
0.972903	0.971437
0.97534	0.973874
0.977723	0.97628
0.980008	0.978613
0.982154	0.98083
0.984126	0.982894
0.985888	0.984768
0.987413	0.986421
0.988676	0.987826
0.989654	0.988958
0.990334	0.9898
0.990702	0.990338
0.990754	0.990562
0.990489	0.99047
0.989912	0.990062
0.989031	0.989346
0.987861	0.988333
0.986421	0.987039
0.984734	0.985485
0.98283	0.983698
0.980739	0.981707
0.978499	0.979546
0.976147	0.977252
0.973727	0.974865
0.97128	0.97243
0.968854	0.96999
0.966494	0.96759
0.964243	0.965276
0.962146	0.963093
0.960244	0.961083
0.958575	0.959287
0.957173	0.95774
0.956066	0.956474
0.955277	0.955516
0.954822	0.954885
0.95471	0.954594
0.954943	0.95465
0.955517	0.955052
0.95642	0.955791
0.957632	0.956852
0.959129	0.958213
0.960879	0.959846
0.962848	0.961719
0.964997	0.963793
0.967283	0.966028
0.969664	0.96838
0.972094	0.970803
0.974528	0.973252
0.976921	0.975681
0.97923	0.978046
0.981416	0.980305
0.983438	0.982417
0.985264	0.984347
0.986862	0.986061
0.988206	0.987531
0.989274	0.988733
0.990048	0.989645
0.990517	0.990254
0.990673	0.99055
0.990513	0.990528
0.99004	0.990188
0.98926	0.989537
0.988187	0.988583
0.986838	0.987344
0.985235	0.985839
0.983404	0.984094
0.981378	0.982138
0.97919	0.980004
0.976881	0.97773
0.974491	0.975355
0.972062	0.972922
0.969638	0.970476
0.967266	0.968062
0.964988	0.965725
0.962851	0.96351
0.960894	0.961461
0.959159	0.959618
0.957679	0.958018
0.956484	0.956694
0.955599	0.955673
0.955043	0.954977
0.954826	0.954621
0.954955	0.954612
0.955425	0.95495
0.956227	0.955628
0.957344	0.956632
0.958753	0.957943
0.960425	0.959531
0.962327	0.961367
0.964418	0.963413
0.96666	0.965628
0.969007	0.967968
0.971416	0.97039
0.973841	0.972846
0.976239	0.975292
0.978565	0.977683
0.980778	0.979976
0.982839	0.98213
0.984714	0.984108
0.986369	0.985876
0.987778	0.987405
0.988917	0.988669
0.989768	0.989647
0.990316	0.990323
0.990554	0.990685
0.990477	0.99073
0.990087	0.990454
0.98939	0.989863
0.988398	0.988966
0.987126	0.987779
0.985596	0.98632
0.983834	0.984613
0.981869	0.982687
0.979734	0.980576
0.977468	0.978314
0.975109	0.975942
0.9727	0.973502
0.970286	0.971038
0.967909	0.968595
0.965617	0.96622
0.963453	0.963958
0.961459	0.961853
0.959675	0.959949
0.958136	0.958283
0.956876	0.956889
0.955917	0.955795
0.955282	0.955025
0.954981	0.954594
0.955023	0.954511
0.955404	0.954779
0.956119	0.955391
0.957151	0.956335
0.95848	0.957591
0.960079	0.959134
0.961914	0.96093
0.963949	0.962945
0.966143	0.965139
0.968454	0.967469
0.970837	0.96989
0.973247	0.972356
0.975641	0.974821
0.977973	0.977239
0.980204	0.979566
0.982293	0.981762
0.984205	0.983787
0.985907	0.985607
0.987371	0.987192
0.988572	0.988515
0.989491	0.989555
0.990111	0.990294
0.990425	0.99072
0.990426	0.990826
0.990115	0.990611
0.989497	0.990078
0.988581	0.989236
0.987383	0.988097
0.985922	0.986682
0.984223	0.985012
0.982313	0.983116
0.980225	0.981026
0.977997	0.978777
0.975665	0.97641
0.973273	0.973965
0.970864	0.971488
0.968482	0.969022
0.966171	0.966615
0.963976	0.964312
0.96194	0.962157
0.960104	0.960194
0.958504	0.958461
0.957173	0.956995
0.956138	0.955826
0.95542	0.954977
0.955035	0.954468
0.95499	0.954308
0.955287	0.954502
0.955919	0.955045
0.956873	0.955926
0.95813	0.957126
0.959662	0.958621
0.961439	0.96038
0.963425	0.962368
0.96558	0.964545
0.967863	0.966867
0.970229	0.96929
0.972634	0.971768
0.975032	0.974254
0.977381	0.976704
0.979639	0.979072
0.981765	0.981317
0.983722	0.9834
0.985477	0.985285
0.987001	0.986941
0.988269	0.98834
0.989259	0.989458
0.989955	0.990277
0.990347	0.990785
0.990428	0.990972
0.990196	0.990837
0.989657	0.99038
0.988818	0.98961
0.987693	0.988538
0.986299	0.987182
0.984661	0.985564
0.982806	0.983711
0.980765	0.981656
0.978575	0.979433
0.976273	0.97708
0.973901	0.97464
0.971501	0.972156
0.969118	0.969674
0.966796	0.967241
0.964579	0.964902
0.962512	0.962703
0.960634	0.960686
0.958983	0.958894
0.957592	0.957361
0.95649	0.956119
0.9557	0.955194
0.955237	0.954605
0.955111	0.954366
0.955324	0.95448
0.955873	0.954946
0.956745	0.955754
0.957923	0.956887
0.959383	0.958321
0.961093	0.960027
0.96302	0.961971
0.965127	0.964112
0.967371	0.966407
0.969709	0.968814
0.972096	0.971285
0.974489	0.973773
0.976843	0.976234
0.979116	0.978623
0.981266	0.980896
0.983257	0.983014
0.985054	0.984939
0.986625	0.98664
0.987946	0.988088
0.988994	0.989258
0.989752	0.990132
0.990207	0.990696
0.990351	0.990938
0.990181	0.990855
0.989699	0.990448
0.988913	0.989723
0.987834	0.988689
0.98648	0.987364
0.984873	0.985768
0.983039	0.983927
0.981014	0.981878
0.978835	0.979656
0.976538	0.9773
0.974165	0.974852
0.97176	0.972355
0.969365	0.969855
0.967026	0.967399
0.964787	0.965032
0.962692	0.962801
0.960782	0.960749
0.959094	0.958918
0.957663	0.957344
0.956517	0.956061
0.95568	0.955095
0.955169	0.954465
0.954996	0.954185
0.955163	0.954262
0.955668	0.954693
0.956499	0.95547
0.957639	0.956575
0.959065	0.957987
0.960747	0.959675
0.962652	0.961606
0.96474	0.963741
0.966972	0.966039
0.969305	0.968453
0.971694	0.970938
0.974094	0.973447
0.976461	0.975933
0.978751	0.978352
0.980925	0.980659
0.982944	0.982815
0.984774	0.984782
0.986384	0.986527
0.987746	0.988022
0.988838	0.989241
0.989642	0.990164
0.990145	0.990776
0.990339	0.991067
0.990221	0.991033
0.989792	0.990674
0.989061	0.989996
0.988039	0.98901
0.986743	0.987733
0.985194	0.986184
0.983418	0.98439
0.981444	0.982381
0.979306	0.98019
0.977043	0.977857
0.974694	0.975421
0.972301	0.972927
0.969909	0.97042
0.967561	0.967948
0.9653	0.965556
0.963172	0.96329
0.961217	0.961196
0.959475	0.959315
0.95798	0.957684
0.956764	0.956337
0.95585	0.955302
0.95526	0.954601
0.955004	0.954248
0.955089	0.954252
0.955512	0.954611
0.956264	0.955319
0.957331	0.956361
0.958689	0.957715
0.960311	0.959353
0.962163	0.961242
0.964209	0.963343
0.966407	0.965615
0.968715	0.968014
0.971089	0.970493
0.973485	0.973006
0.975857	0.975507
0.978163	0.97795
0.980362	0.98029
0.982416	0.982488
0.984289	0.984504
0.98595	0.986304
0.987371	0.987858
0.988529	0.98914
0.989403	0.990129
0.98998	0.990808
0.990251	0.991166
0.990211	0.991198
0.989861	0.990903
0.989206	0.990285
0.988257	0.989355
0.987029	0.988127
0.985542	0.986622
0.983822	0.984865
0.981896	0.982886
0.979797	0.980718
0.977563	0.978398
0.975232	0.975969
0.972846	0.973471
0.970448	0.970952
0.968083	0.968457
0.965795	0.966033
0.963629	0.963727
0.961627	0.961584
0.959828	0.959646
0.958269	0.957953
0.956981	0.956539
0.955992	0.955434
0.95532	0.95466
0.954981	0.954234
0.954982	0.954165
0.955322	0.954454
0.955995	0.955094
0.956985	0.956073
0.958272	0.957371
0.95983	0.95896
0.961626	0.960807
0.963625	0.962874
0.965787	0.965121
0.968069	0.967501
0.970425	0.96997
0.972813	0.97248
0.975186	0.974983
0.977503	0.977436
0.979722	0.979793
0.981805	0.982014
0.983721	0.984065
0.985437	0.985911
0.986923	0.987519
0.988152	0.98886
0.989104	0.98991
0.989759	0.990652
0.990108	0.991072
0.990148	0.991166
0.989876	0.990933
0.989298	0.990376
0.988422	0.989505
0.987265	0.988333
0.985842	0.98688
0.98418	0.985169
0.982305	0.983228
0.980249	0.981091
0.978049	0.978794
0.975742	0.976379
0.973369	0.973887
0.970974	0.971364
0.9686	0.968857
0.966293	0.966412
0.964096	0.964077
0.962053	0.961896
0.960202	0.959912
0.958581	0.958167
0.957224	0.956694
0.956158	0.955526
0.955405	0.954686
0.954982	0.954192
0.954897	0.954055
0.955152	0.954277
0.955741	0.954853
0.956653	0.955772
0.957869	0.957015
0.959363	0.958554
0.961105	0.960359
0.96306	0.962393
0.965189	0.964616
0.967451	0.966982
0.969801	0.969448
0.972196	0.971965
0.974592	0.974488
0.976944	0.97697
0.979212	0.979366
0.981354	0.981634
0.983333	0.983734
0.985115	0.98563
0.986672	0.98729
0.987975	0.988687
0.989005	0.989798
0.989743	0.990604
0.99018	0.991093
0.990307	0.991256
0.990122	0.991091
0.989628	0.9906
0.988834	0.989792
0.987753	0.988679
0.986402	0.98728
0.984804	0.985618
0.982985	0.98372
0.980976	0.981619
0.978811	0.979351
0.976529	0.976955
0.97417	0.974474
0.971776	0.971953
0.969391	0.969437
0.96706	0.966973
0.964827	0.964607
0.962735	0.962386
0.960825	0.960354
0.959134	0.95855
0.957697	0.957012
0.956543	0.955771
0.955696	0.954853
0.955174	0.954277
0.954987	0.954056
0.955139	0.954193
0.955627	0.954687
0.956441	0.955526
0.957564	0.956693
0.958973	0.958163
0.960638	0.959906
0.962525	0.961887
0.964598	0.964064
0.966815	0.966396
0.969133	0.968837
0.971509	0.97134
0.973897	0.973858
0.976254	0.976344
0.978537	0.978753
0.980707	0.981043
0.982724	0.983173
0.984555	0.985109
0.986168	0.986816
0.987537	0.988266
0.988638	0.989436
0.989453	0.990306
0.98997	0.990863
0.990179	0.991096
0.990077	0.991004
0.989666	0.990586
0.988952	0.98985
0.987947	0.988808
0.986667	0.987476
0.985134	0.985876
0.983372	0.984034
0.98141	0.981983
0.979284	0.979755
0.977028	0.977389
0.974684	0.974928
0.972294	0.972415
0.9699	0.969897
0.967549	0.96742
0.965283	0.965033
0.963146	0.96278
0.96118	0.960705
0.959424	0.958852
0.957914	0.957256
0.956679	0.955952
0.955747	0.954965
0.955135	0.954316
0.954857	0.954018
0.954919	0.954078
0.955319	0.954495
0.956049	0.955259
0.957094	0.956356
0.958433	0.957762
0.960037	0.959449
0.961874	0.961382
0.963908	0.963522
0.966098	0.965826
0.968403	0.96825
0.970778	0.970745
0.973178	0.973266
0.97556	0.975765
0.977879	0.978198
0.980096	0.98052
0.98217	0.982692
0.984065	0.984675
0.98575	0.986437
0.987196	0.987947
0.98838	0.989182
0.989281	0.99012
0.989884	0.990747
0.990181	0.991052
0.990167	0.99103
0.989841	0.990683
0.989209	0.990014
0.988282	0.989036
0.987074	0.987763
0.985605	0.986217
0.983901	0.984423
0.981989	0.982413
0.979903	0.980219
0.977677	0.97788
0.975352	0.975437
0.972969	0.972933
0.970572	0.970415
0.968204	0.967928
0.965912	0.965521
0.963738	0.963239
0.961725	0.961128
0.959913	0.959228
0.958336	0.957579
0.957029	0.956215
0.956018	0.955163
0.955323	0.954446
0.954958	0.954079
0.954933	0.95407
0.955247	0.954419
0.955893	0.955118
0.956858	0.956152
0.958122	0.957501
0.959659	0.959136
0.961438	0.961022
0.963424	0.963123
0.965576	0.965396
0.967854	0.967797
0.970213	0.970278
0.972608	0.972795
0.974996	0.975299
0.977332	0.977745
0.979575	0.980088
0.981684	0.982288
0.983624	0.984306
0.98536	0.986108
0.986863	0.987663
0.988108	0.988946
0.989074	0.989935
0.989746	0.990613
0.990113	0.990971
0.990168	0.991002
0.989911	0.990706
0.989347	0.990088
0.988484	0.989156
0.987335	0.987928
0.985921	0.986422
0.984263	0.984665
0.98239	0.982685
0.980334	0.980516
0.978131	0.978196
0.975818	0.975765
0.973438	0.973268
0.971032	0.970748
0.968646	0.968254
0.966324	0.965832
0.96411	0.963529
0.962048	0.96139
0.960179	0.959457
0.958539	0.957768
0.957163	0.956359
0.956078	0.955259
0.955306	0.954491
0.954865	0.95407
0.954763	0.954005
0.955003	0.954298
0.955579	0.954943
0.956479	0.955925
0.957686	0.957224
0.959175	0.958812
0.960914	0.960659
0.962868	0.962726
0.965	0.964972
0.967266	0.967354
0.969624	0.969824
0.972028	0.972336
0.974433	0.974843
0.976796	0.9773
0.979073	0.979662
0.981224	0.981887
0.983212	0.983936
0.985003	0.985775
0.986566	0.987372
0.987876	0.9887
0.98891	0.989737
0.989652	0.990466
0.99009	0.990876
0.990217	0.99096
0.99003	0.990717
0.989533	0.990151
0.988734	0.98927
0.987646	0.98809
0.986286	0.98663
0.984678	0.984913
0.982847	0.98297
0.980825	0.980833
0.978647	0.978538
0.976351	0.976126
0.973977	0.97364
0.971569	0.971126
0.969171	0.96863
0.966828	0.966199
0.964584	0.963879
0.962483	0.961717
0.960568	0.959754
0.958876	0.958032
0.957442	0.956584
0.956296	0.955442
0.95546	0.954628
0.954953	0.95416
0.954786	0.954048
0.954961	0.954295
0.955475	0.954893
0.956318	0.955832
0.957472	0.95709
0.958914	0.958643
0.960612	0.960457
0.962534	0.962496
0.964641	0.964719
0.966891	0.967083
0.969241	0.969542
0.971647	0.972047
0.974063	0.974554
0.976444	0.977015
0.978747	0.979386
0.980933	0.981625
0.982962	0.983693
0.984799	0.985554
0.986415	0.987177
0.987781	0.988535
0.988876	0.989605
0.989681	0.99037
0.990184	0.990818
0.990375	0.990941
0.990252	0.990737
0.989817	0.99021
0.989076	0.989367
0.988043	0.988224
0.986733	0.986798
0.985168	0.985114
0.983374	0.983199
0.981382	0.981086
0.979225	0.97881
0.976941	0.976413
0.974569	0.973935
0.972154	0.971423
0.969738	0.968923
0.967367	0.966481
0.965086	0.964145
0.962938	0.96196
0.960967	0.95997
0.959212	0.958213
0.957708	0.956727
0.956486	0.955542
0.955571	0.954681
0.954982	0.954165
0.954732	0.954002
0.954826	0.954197
0.955263	0.954744
0.956032	0.955633
0.957119	0.956845
0.9585	0.958356
0.960146	0.960133
0.962026	0.962141
0.9641	0.964339
0.966329	0.966683
0.968667	0.969126
0.971071	0.971624
0.973494	0.974127
0.975893	0.976591
0.978224	0.978971
0.980446	0.981223
0.982519	0.98331
0.984407	0.985195
0.98608	0.986847
0.987508	0.988237
0.988668	0.989343
0.989541	0.990146
0.990112	0.990634
0.990371	0.990799
0.990315	0.990637
0.989944	0.990152
0.989265	0.989353
0.988288	0.988251
0.987029	0.986865
0.985509	0.985219
0.983753	0.983339
0.981792	0.981258
0.979659	0.979012
0.97739	0.97664
0.975027	0.974184
0.972611	0.971689
0.970187	0.969201
0.967798	0.966766
0.965492	0.964431
0.963313	0.96224
0.961302	0.960239
0.9595	0.958466
0.957944	0.956958
0.956665	0.955746
0.95569	0.954856
0.955039	0.954306
0.954726	0.954108
0.954758	0.954266
0.955134	0.954776
0.955847	0.955628
0.95688	0.956803
0.958214	0.958277
0.959821	0.960019
0.961668	0.961994
0.963719	0.964163
0.965933	0.966482
0.968265	0.968906
0.970672	0.971389
0.973108	0.973884
0.975529	0.976345
0.977891	0.978729
0.980153	0.980991
0.982274	0.983094
0.984216	0.985001
0.985948	0.986678
0.98744	0.988098
0.988668	0.989238
0.98961	0.990079
0.990251	0.990608
0.990581	0.990815
0.990595	0.990699
0.990291	0.99026
0.989675	0.989507
0.988757	0.98845
0.987552	0.987109
0.986081	0.985504
0.984366	0.983663
0.982438	0.981616
0.980328	0.979399
0.978074	0.97705
0.975714	0.974611
0.97329	0.972126
0.970848	0.969641
0.968432	0.967201
0.966088	0.964854
0.963859	0.962644
0.961788	0.960616
0.959918	0.95881
0.958286	0.957263
0.956925	0.956007
0.955864	0.955068
0.955123	0.954464
0.95472	0.95421
0.954663	0.954309
0.954952	0.954762
0.955581	0.955556
0.956538	0.956677
0.957803	0.9581
0.95935	0.959796
0.961147	0.961731
0.963158	0.963865
0.965342	0.966155
0.967658	0.968558
0.97006	0.971025
0.972504	0.973512
0.974943	0.975972
0.977333	0.978361
0.979631	0.980635
0.981798	0.982757
0.983794	0.984688
0.985586	0.986397
0.987143	0.987856
0.988441	0.989041
0.989456	0.989931
0.990173	0.990514
0.990579	0.99078
0.990669	0.990724
0.990439	0.990347
0.989894	0.989657
0.989043	0.988663
0.987899	0.987385
0.98648	0.985842
0.984811	0.984061
0.982919	0.98207
0.980835	0.979903
0.978595	0.977598
0.976239	0.975197
0.973807	0.972741
0.971345	0.970275
0.968898	0.967846
0.966512	0.965498
0.964232	0.963279
0.962103	0.961231
0.960168	0.959394
0.958464	0.957807
0.957027	0.9565
0.955886	0.955502
0.955065	0.954832
0.954581	0.954505
0.954446	0.954526
0.95466	0.954896
0.955221	0.955607
0.956117	0.956643
0.957329	0.957983
0.958831	0.9596
0.960594	0.961461
0.962582	0.963529
0.964754	0.965763
0.967069	0.968119
0.969481	0.970551
0.971945	0.973014
0.974415	0.975463
0.976846	0.977851
0.979193	0.980138
0.981417	0.982283
0.983478	0.98425
0.985341	0.986003
0.986974	0.987516
0.98835	0.988762
0.989445	0.989721
0.990243	0.990376
0.990727	0.990718
0.990891	0.99074
0.990733	0.990443
0.990255	0.989831
0.989465	0.988914
0.988375	0.987708
0.987005	0.986234
0.985375	0.984514
0.983513	0.982578
0.98145	0.980458
0.979221	0.978192
0.976867	0.975819
0.974428	0.973382
0.971949	0.970926
0.969475	0.968494
0.967052	0.966133
0.964727	0.963888
0.962545	0.961804
0.960548	0.95992
0.958777	0.958275
0.957267	0.9569
0.956049	0.955826
0.955148	0.955074
0.954584	0.954658
0.954368	0.954589
0.954506	0.954867
0.954994	0.955487
0.955823	0.956435
0.956975	0.957692
0.958426	0.959231
0.960148	0.961022
0.962105	0.963028
0.964257	0.96521
0.966563	0.967525
0.968977	0.969928
0.971454	0.972374
0.973947	0.974817
0.97641	0.977213
0.978799	0.979519
0.981072	0.981693
0.983187	0.983698
0.985109	0.9855
0.986804	0.987067
0.988244	0.988376
0.989405	0.989403
0.990268	0.990133
0.990819	0.990554
0.991049	0.990659
0.990953	0.990447
0.990534	0.98992
0.989799	0.989087
0.988758	0.987962
0.98743	0.986564
0.985835	0.984915
0.984001	0.983044
0.981957	0.980981
0.97974	0.978763
0.977387	0.976427
0.97494	0.974017
0.972443	0.971574
0.969941	0.969144
0.967482	0.966772
0.965111	0.964505
0.962876	0.962385
0.960819	0.960455
0.958983	0.958754
0.957403	0.957315
0.956114	0.956168
0.95514	0.955336
0.954504	0.954837
0.954219	0.954681
0.954291	0.954872
0.954717	0.955405
0.95549	0.956268
0.956593	0.957445
0.958003	0.958911
0.959691	0.960634
0.961622	0.962582
0.963758	0.964714
0.966056	0.966988
0.968471	0.96936
0.970957	0.971785
0.973467	0.974218
0.975955	0.976613
0.978375	0.978928
0.980685	0.981121
0.982844	0.983154
0.984816	0.984993
0.986566	0.986605
0.988064	0.987965
0.989287	0.98905
0.990213	0.989843
0.990828	0.99033
0.991123	0.990505
0.991091	0.990363
0.990733	0.989909
0.990057	0.989148
0.989071	0.988093
0.987793	0.986763
0.986244	0.985178
0.984448	0.983365
0.982437	0.981355
0.980244	0.979184
0.977908	0.976888
0.975471	0.974508
0.972975	0.972087
0.970466	0.96967
0.967991	0.967302
0.965596	0.965027
0.963328	0.962889
0.96123	0.960932
0.959345	0.959193
0.95771	0.957708
0.95636	0.956507
0.955323	0.955615
0.954619	0.955049
0.954264	0.954823
0.954266	0.95494
0.954624	0.955398
0.955332	0.956188
0.956373	0.957292
0.957728	0.958689
0.959366	0.960349
0.961257	0.962237
0.963361	0.964318
0.965636	0.96655
0.968039	0.96889
0.970522	0.971292
0.973039	0.973713
0.975542	0.976108
0.977987	0.978434
0.980328	0.980649
0.982524	0.982713
0.984539	0.984592
0.986336	0.986253
0.987886	0.987669
0.989163	0.988817
0.990146	0.989677
0.990819	0.990236
0.991172	0.990485
0.991198	0.99042
0.990896	0.990042
0.990271	0.989357
0.989334	0.988377
0.988098	0.987117
0.986585	0.985599
0.98482	0.983847
0.982832	0.981891
0.980655	0.979764
0.978327	0.977504
0.975888	0.975151
0.973383	0.972747
0.970855	0.970336
0.968354	0.967962
0.965926	0.965671
0.963618	0.963505
0.961474	0.96151
0.959538	0.959722
0.957848	0.958178
0.956441	0.95691
0.955344	0.955943
0.954579	0.955297
0.954164	0.954987
0.954106	0.955017
0.954408	0.955388
0.955062	0.956092
0.956056	0.957113
0.957368	0.958432
0.95897	0.96002
0.960831	0.961846
0.962913	0.963873
0.965174	0.966061
0.967568	0.968366
0.970049	0.970746
0.972572	0.973155
0.975087	0.975549
0.977552	0.977884
0.97992	0.980119
0.98215	0.982214
0.984203	0.984134
0.986042	0.985846
0.987639	0.98732
0.988966	0.988533
0.99	0.989466
0.990726	0.990101
0.991132	0.990431
0.99121	0.990448
0.99096	0.990154
0.990385	0.989551
0.989494	0.988651
0.988303	0.987468
0.98683	0.986022
0.985101	0.984336
0.983144	0.982439
0.980991	0.980363
0.978681	0.978143
0.976252	0.97582
0.973749	0.973433
0.971218	0.971028
0.968704	0.968648
0.966255	0.966337
0.963917	0.964141
0.961738	0.9621
0.95976	0.960257
0.958023	0.958648
0.956563	0.957306
0.95541	0.956259
0.954588	0.955527
0.954115	0.955127
0.954	0.955066
0.954247	0.955347
0.954849	0.955963
0.955795	0.956902
0.957063	0.958143
0.958629	0.959662
0.96046	0.961427
0.962518	0.963403
0.964762	0.965551
0.967149	0.967828
0.969632	0.970191
0.972163	0.972594
0.974696	0.974993
0.977183	0.977344
0.97958	0.979604
0.981844	0.981734
0.983936	0.983697
0.985821	0.985459
0.987466	0.98699
0.988845	0.988266
0.989934	0.989265
0.990715	0.989972
0.991177	0.990375
0.991313	0.990467
0.991119	0.990248
0.990598	0.98972
0.98976	0.988892
0.988616	0.987778
0.987187	0.986395
0.985496	0.984767
0.983571	0.982921
0.981443	0.980888
0.979151	0.978702
0.976733	0.976403
0.974233	0.974031
0.971696	0.97163
0.969169	0.969244
0.9667	0.966916
0.964334	0.964693
0.96212	0.962616
0.960101	0.960727
0.958316	0.959061
0.956803	0.957655
0.955593	0.956535
0.954711	0.955725
0.954176	0.955243
0.954	0.955097
0.954186	0.955292
0.954729	0.955824
0.95562	0.956681
0.956838	0.957845
0.958358	0.959293
0.960149	0.960996
0.962175	0.962918
0.964396	0.965022
0.966766	0.967265
0.96924	0.969605
0.97177	0.971997
0.974309	0.974397
0.97681	0.976761
0.979229	0.979047
0.981521	0.981213
0.983649	0.983223
0.985573	0.98504
0.987263	0.986635
0.988689	0.987981
0.989829	0.989056
0.990663	0.989843
0.991177	0.990328
0.991364	0.990506
0.991221	0.990371
0.990749	0.989928
0.989957	0.989181
0.988856	0.988144
0.987465	0.986834
0.985808	0.985272
0.98391	0.983483
0.981804	0.981498
0.979528	0.979352
0.97712	0.977082
0.974623	0.974727
0.972083	0.972331
0.969546	0.969936
0.967061	0.967589
0.964674	0.965332
0.962431	0.96321
0.960378	0.961264
0.958554	0.959532
0.956998	0.958049
0.955742	0.956846
0.954812	0.955947
0.954227	0.955371
0.954001	0.95513
0.954137	0.95523
0.954633	0.955666
0.955478	0.956431
0.956655	0.957509
0.958138	0.958877
0.959897	0.960507
0.961896	0.962365
0.964095	0.964416
0.966449	0.966616
0.968913	0.968925
0.97144	0.971299
0.973982	0.973693
0.976492	0.976061
0.978923	0.978363
0.981234	0.980555
0.983383	0.982602
0.985333	0.984467
0.987051	0.986118
0.988509	0.987529
0.989683	0.988676
0.990552	0.989541
0.991104	0.990108
0.991328	0.990369
0.991223	0.990319
0.990788	0.98996
0.990032	0.989297
0.988967	0.988341
0.987609	0.987107
0.985982	0.985616
0.984112	0.983892
0.982032	0.981964
0.979775	0.979864
0.977382	0.97763
0.974895	0.9753
0.972359	0.972917
0.96982	0.970523
0.967325	0.968163
0.964924	0.965882
0.962662	0.963723
0.960583	0.961729
0.958729	0.959939
0.957137	0.958389
0.955841	0.95711
0.954867	0.956129
0.954236	0.955465
0.95396	0.955133
0.954046	0.955139
0.954491	0.955484
0.955287	0.95616
0.956417	0.957153
0.957857	0.958443
0.959576	0.960003
0.96154	0.961803
0.96371	0.963806
0.966042	0.965971
0.968492	0.968258
0.971012	0.970621
0.973554	0.973018
0.976072	0.975402
0.97852	0.977731
0.980856	0.979963
0.983036	0.98206
0.985023	0.983984
0.986784	0.985703
0.988289	0.987188
0.989514	0.988414
0.990437	0.989361
0.991045	0.990014
0.991328	0.990361
0.99128	0.990398
0.990904	0.990124
0.990204	0.989543
0.989193	0.988664
0.987888	0.987501
0.986308	0.986075
0.984481	0.984408
0.982438	0.982529
0.980212	0.980468
0.977844	0.978263
0.975375	0.97595
0.972847	0.973571
0.970309	0.971168
0.967805	0.968786
0.965384	0.96647
0.963093	0.964263
0.960976	0.962209
0.959075	0.960349
0.957429	0.958718
0.956071	0.957351
0.955029	0.956276
0.954325	0.955514
0.953975	0.955082
0.953985	0.954989
0.954355	0.955237
0.955077	0.95582
0.956136	0.956727
0.95751	0.95794
0.959169	0.959432
0.961081	0.961174
0.963205	0.963131
0.9655	0.965264
0.967921	0.967531
0.97042	0.969889
0.972952	0.972295
0.97547	0.974702
0.977927	0.977067
0.98028	0.979347
0.982488	0.981502
0.984511	0.983495
0.986318	0.985291
0.987876	0.98686
0.989161	0.988176
0.990151	0.989216
0.99083	0.989965
0.991188	0.990409
0.991218	0.990541
0.99092	0.990361
0.9903	0.989869
0.989366	0.989075
0.988134	0.987991
0.986625	0.986634
0.984862	0.985029
0.982875	0.9832
0.980699	0.981178
0.97837	0.978998
0.975929	0.976699
0.973419	0.97432
0.970887	0.971904
0.968378	0.969496
0.96594	0.96714
0.96362	0.96488
0.961463	0.962761
0.95951	0.960824
0.957803	0.959109
0.956375	0.957649
0.955257	0.956475
0.954471	0.955611
0.954035	0.955075
0.953957	0.954879
0.954239	0.955027
0.954875	0.955515
0.955851	0.956333
0.957148	0.957465
0.958737	0.958886
0.960587	0.960568
0.96266	0.962476
0.964914	0.964573
0.967307	0.966817
0.969792	0.969165
0.97232	0.971572
0.974846	0.973992
0.977323	0.976381
0.979707	0.978697
0.981957	0.980898
0.984031	0.982946
0.985896	0.984805
0.987519	0.986444
0.988873	0.987834
0.989937	0.988955
0.990692	0.989786
0.991127	0.990313
0.991234	0.990529
0.991012	0.99043
0.990464	0.990017
0.9896	0.989297
0.988433	0.988282
0.986983	0.986988
0.985274	0.985436
0.983336	0.983653
0.9812	0.981668
0.978903	0.979516
0.976486	0.977234
0.973992	0.974861
0.971466	0.972441
0.968955	0.970017
0.966506	0.967634
0.964165	0.965337
0.961977	0.963169
0.959986	0.961175
0.958233	0.959393
0.956753	0.957859
0.955577	0.956605
0.954728	0.955656
0.954225	0.955032
0.954079	0.954747
0.954293	0.954805
0.954862	0.955208
0.955773	0.955945
0.957008	0.957001
0.958541	0.958355
0.960341	0.95998
0.96237	0.961841
0.964588	0.963902
0.966951	0.966122
0.969413	0.968458
0.971927	0.970866
0.974445	0.9733
0.976923	0.975716
0.979315	0.978069
0.981579	0.980318
0.983676	0.982422
0.985569	0.984346
0.987227	0.986057
0.988622	0.987524
0.989731	0.988726
0.990536	0.989641
0.991024	0.990255
0.991187	0.990558
0.991023	0.990545
0.990534	0.990216
0.989728	0.989577
0.988618	0.988637
0.987223	0.987412
0.985566	0.985922
0.983674	0.984191
0.98158	0.98225
0.979319	0.98013
0.97693	0.977868
0.974456	0.975504
0.971941	0.973079
0.969431	0.970639
0.966974	0.968227
0.964616	0.965889
0.962403	0.963671
0.960379	0.961615
0.958585	0.959762
0.957057	0.958149
0.955828	0.95681
0.95492	0.955771
0.954355	0.955055
0.954143	0.954676
0.95429	0.954643
0.954793	0.954957
0.95564	0.955609
0.956813	0.956588
0.958289	0.957873
0.960035	0.959438
0.962018	0.961251
0.964197	0.963275
0.966529	0.965469
0.968969	0.967791
0.971468	0.970197
0.973982	0.972641
0.976462	0.975077
0.978865	0.977461
0.981149	0.979752
0.983272	0.981907
0.9852	0.983891
0.9869	0.985669
0.988343	0.987211
0.989506	0.988491
0.990369	0.989489
0.990919	0.990188
0.991148	0.990576
0.991051	0.990646
0.990629	0.990398
0.989891	0.989836
0.988848	0.988968
0.987517	0.987809
0.98592	0.986377
0.984084	0.984697
0.98204	0.982796
0.979823	0.980706
0.977471	0.978464
0.975024	0.976107
0.972528	0.973679
0.970028	0.971224
0.967571	0.968787
0.965202	0.966413
0.962969	0.964149
0.960915	0.962038
0.959079	0.960123
0.957501	0.958442
0.956212	0.957028
0.955239	0.955912
0.954601	0.955115
0.954314	0.954656
0.954382	0.954544
0.954804	0.954781
0.955571	0.955362
0.956668	0.956275
0.95807	0.957501
0.959749	0.959016
0.961671	0.960787
0.963796	0.96278
0.966083	0.964953
0.968487	0.967266
0.970961	0.969672
0.973459	0.972127
0.975934	0.974583
0.978342	0.976997
0.980639	0.979325
0.982786	0.981524
0.984745	0.983558
0.986483	0.985389
0.987972	0.986989
0.989185	0.98833
0.990105	0.98939
0.990716	0.990151
0.991008	0.990602
0.990975	0.990736
0.99062	0.990549
0.989948	0.990046
0.98897	0.989234
0.987702	0.988126
0.986165	0.98674
0.984383	0.985098
0.982388	0.983229
0.980213	0.981162
0.977895	0.978934
0.975476	0.976583
0.973	0.974152
0.97051	0.971683
0.968054	0.969222
0.965678	0.966816
0.963428	0.96451
0.961348	0.96235
0.959478	0.960378
0.957858	0.958634
0.956519	0.957152
0.95549	0.955965
0.954792	0.955096
0.95444	0.954565
0.954441	0.954382
0.954794	0.954551
0.955492	0.955069
0.95652	0.955926
0.957858	0.957102
0.959476	0.958573
0.961342	0.96031
0.963419	0.962278
0.965664	0.964436
0.968034	0.966743
0.970484	0.969154
0.972967	0.971621
0.975437	0.974101
0.977849	0.976546
0.980159	0.978912
0.982327	0.981157
0.984315	0.983241
0.986089	0.98513
0.987621	0.986791
0.988885	0.988196
0.98986	0.989322
0.990531	0.990151
0.990886	0.990669
0.990919	0.990868
0.990632	0.990745
0.990027	0.990301
0.989115	0.989544
0.987912	0.988487
0.986436	0.987146
0.984713	0.985542
0.982772	0.983704
0.980645	0.981662
0.978369	0.979452
0.975984	0.977111
0.973532	0.974682
0.971057	0.972208
