0.991294	0.989216
0.990949	0.988911
0.990263	0.988307
0.989249	0.987416
0.987922	0.986252
0.986304	0.984833
0.984423	0.983184
0.982309	0.981331
0.98	0.979307
0.977535	0.977147
0.974959	0.974889
0.972318	0.972573
0.969661	0.970242
0.967038	0.967939
0.964498	0.965708
0.962092	0.963589
0.959866	0.961626
0.957866	0.959858
0.956133	0.958319
0.954704	0.957043
0.953608	0.956054
0.95287	0.955374
0.952504	0.955018
0.95252	0.954992
0.952916	0.955298
0.953686	0.955929
0.954812	0.956873
0.95627	0.95811
0.958031	0.959615
0.960057	0.961358
0.962308	0.963304
0.964739	0.965414
0.967302	0.967647
0.969947	0.969962
0.972624	0.972314
0.975285	0.974662
0.977878	0.976961
0.980358	0.97917
0.982682	0.981251
0.984807	0.983168
0.9867	0.984888
0.988328	0.986382
0.989665	0.987625
0.990688	0.988597
0.991381	0.989281
0.991733	0.989666
0.991738	0.989746
0.991396	0.98952
0.990713	0.988992
0.9897	0.988169
0.988374	0.987066
0.986757	0.985701
0.984876	0.984097
0.982761	0.982281
0.98045	0.980283
0.977981	0.978138
0.975399	0.975884
0.972751	0.97356
0.970086	0.97121
0.967453	0.968875
0.964902	0.9666
0.962482	0.964427
0.960242	0.962399
0.958226	0.960555
0.956475	0.958932
0.955026	0.957564
0.953908	0.956476
0.953145	0.955693
0.952754	0.95523
0.952742	0.955096
0.95311	0.955295
0.953848	0.955821
0.954942	0.956665
0.956368	0.957809
0.958095	0.959228
0.960088	0.960893
0.962305	0.962772
0.964701	0.964827
0.96723	0.967016
0.969841	0.969298
0.972485	0.971629
0.975113	0.973966
0.977676	0.976265
0.980126	0.978485
0.982421	0.980586
0.98452	0.982531
0.986387	0.984287
0.987991	0.985824
0.989305	0.987115
0.990308	0.98814
0.990982	0.98888
0.991318	0.989324
0.991309	0.989464
0.990955	0.989297
0.990262	0.988827
0.989241	0.98806
0.987909	0.987009
0.986289	0.985691
0.984406	0.984127
0.982293	0.982345
0.979984	0.980373
0.977521	0.978247
0.974947	0.976001
0.972309	0.973678
0.969655	0.971318
0.967035	0.968964
0.964499	0.966662
0.962095	0.964453
0.959872	0.962382
0.957874	0.96049
0.956141	0.958812
0.95471	0.957385
0.953611	0.956236
0.952867	0.95539
0.952494	0.954864
0.9525	0.954671
0.952885	0.954814
0.95364	0.95529
0.954749	0.956089
0.95619	0.957196
0.957932	0.958588
0.959939	0.960236
0.962169	0.962107
0.964579	0.964165
0.96712	0.966369
0.969744	0.968676
0.9724	0.971043
0.975038	0.973425
0.977611	0.975779
0.980072	0.978062
0.982379	0.980233
0.984492	0.982256
0.986373	0.984094
0.987993	0.985717
0.989325	0.987098
0.990347	0.988214
0.991042	0.989046
0.991399	0.989582
0.991413	0.989812
0.991084	0.989733
0.990418	0.989346
0.989426	0.988658
0.988124	0.987679
0.986534	0.986427
0.984682	0.984921
0.982602	0.983187
0.980327	0.981255
0.977898	0.979156
0.975357	0.976928
0.972749	0.97461
0.970125	0.972245
0.967531	0.969874
0.965019	0.967543
0.962636	0.965296
0.960431	0.963178
0.958448	0.961229
0.956727	0.959488
0.955304	0.957991
0.954209	0.956767
0.953463	0.955844
0.953083	0.955239
0.953078	0.954965
0.953447	0.955028
0.954182	0.955428
0.955268	0.956155
0.956682	0.957196
0.958393	0.958528
0.960366	0.960125
0.962561	0.961953
0.964933	0.963976
0.967435	0.966154
0.970019	0.968445
0.972636	0.970804
0.975236	0.973188
0.977772	0.975552
0.980197	0.977852
0.98247	0.980047
0.984549	0.982099
0.986401	0.983973
0.987992	0.985636
0.989297	0.98706
0.990294	0.98822
0.990967	0.989098
0.991305	0.989679
0.991302	0.989953
0.99096	0.989915
0.990282	0.989566
0.98928	0.988911
0.98797	0.98796
0.986374	0.986729
0.984518	0.985238
0.982433	0.983511
0.980156	0.981576
0.977725	0.979468
0.975184	0.977221
0.972578	0.974875
0.969954	0.972472
0.967363	0.970056
0.964851	0.967671
0.962468	0.965363
0.960261	0.963176
0.958274	0.961152
0.956548	0.959331
0.955117	0.957751
0.954012	0.956443
0.953255	0.955435
0.952863	0.954747
0.952843	0.954395
0.953196	0.954385
0.953912	0.954717
0.954978	0.955386
0.956371	0.956377
0.958061	0.957669
0.960012	0.959237
0.962185	0.961048
0.964536	0.963066
0.967019	0.96525
0.969584	0.967558
0.972182	0.969945
0.974767	0.972367
0.977289	0.974779
0.979705	0.977136
0.981972	0.979397
0.984049	0.981521
0.985903	0.983472
0.987502	0.985217
0.98882	0.986725
0.989835	0.987973
0.990531	0.988938
0.990897	0.989606
0.990928	0.989965
0.990623	0.99001
0.989987	0.98974
0.989031	0.989159
0.987771	0.988277
0.986229	0.987107
0.98443	0.98567
0.982403	0.983989
0.980185	0.982093
0.977813	0.980013
0.975331	0.977786
0.972781	0.975451
0.970212	0.97305
0.967671	0.970626
0.965206	0.968225
0.962865	0.965892
0.960693	0.963672
0.958736	0.96161
0.957033	0.959746
0.955618	0.958119
0.954522	0.956761
0.953768	0.955701
0.953372	0.954962
0.953341	0.95456
0.953678	0.954503
0.954374	0.954792
0.955416	0.955422
0.95678	0.95638
0.958439	0.957647
0.960359	0.959196
0.9625	0.960997
0.96482	0.963013
0.967272	0.965204
0.96981	0.967527
0.972385	0.969937
0.97495	0.972388
0.977457	0.974834
0.979861	0.977231
0.982121	0.979537
0.984196	0.981709
0.986052	0.98371
0.987657	0.985505
0.988984	0.987065
0.990012	0.988362
0.990725	0.989376
0.991109	0.990089
0.991161	0.99049
0.990878	0.990572
0.990266	0.990334
0.989333	0.989778
0.988097	0.988914
0.986576	0.987756
0.984796	0.986322
0.982788	0.984636
0.980585	0.982726
0.978226	0.980623
0.975752	0.978365
0.973208	0.975991
0.970639	0.973541
0.968093	0.971062
0.96562	0.968598
0.963264	0.966194
0.961074	0.963898
0.959092	0.961753
0.957357	0.959803
0.955906	0.958086
0.954767	0.956637
0.953965	0.955486
0.953515	0.954659
0.953427	0.954171
0.953702	0.954033
0.954334	0.954249
0.95531	0.954813
0.956608	0.955715
0.9582	0.956935
0.960054	0.958447
0.962132	0.960221
0.964391	0.96222
0.966787	0.964404
0.969272	0.966729
0.9718	0.96915
0.974322	0.971622
0.976793	0.974097
0.979167	0.97653
0.981403	0.978877
0.983462	0.981096
0.985308	0.983148
0.98691	0.984999
0.988241	0.986615
0.98928	0.987972
0.990009	0.989045
0.990416	0.989817
0.990496	0.990276
0.990247	0.990413
0.989673	0.990226
0.988785	0.989719
0.987595	0.988899
0.986125	0.987779
0.9844	0.986379
0.982448	0.98472
0.980303	0.98283
0.978002	0.980742
0.975586	0.978491
0.973098	0.976116
0.970584	0.973661
0.968091	0.971169
0.965665	0.968687
0.963354	0.966261
0.961202	0.963938
0.959253	0.961763
0.957547	0.95978
0.956117	0.958028
0.954994	0.956545
0.954201	0.955362
0.953755	0.954502
0.953665	0.953985
0.953934	0.953823
0.954555	0.954019
0.955516	0.954569
0.956797	0.955463
0.958369	0.956681
0.960202	0.958199
0.962259	0.959986
0.964498	0.962006
0.966875	0.964219
0.969345	0.966581
0.971861	0.969046
0.974374	0.971567
0.976839	0.974097
0.979212	0.97659
0.981452	0.979001
0.983518	0.981288
0.985376	0.983409
0.986996	0.985331
0.988349	0.987018
0.989415	0.988445
0.990177	0.989586
0.990621	0.990422
0.990742	0.990941
0.990537	0.991134
0.990011	0.990997
0.989172	0.990533
0.988034	0.989748
0.986616	0.988656
0.984941	0.987275
0.983038	0.985626
0.98094	0.983737
0.978684	0.98164
0.976307	0.979371
0.973853	0.976969
0.971366	0.974477
0.968892	0.971939
0.966478	0.969402
0.964169	0.966915
0.962012	0.964524
0.960049	0.962275
0.958319	0.960214
0.956857	0.958381
0.955693	0.956815
0.954851	0.955547
0.954348	0.954606
0.954195	0.954009
0.954394	0.95377
0.954941	0.953895
0.955824	0.954379
0.957024	0.955213
0.958515	0.95638
0.960267	0.957856
0.962244	0.959609
0.964405	0.961604
0.966707	0.9638
0.969107	0.966154
0.971557	0.968619
0.974011	0.971149
0.976426	0.973694
0.978756	0.976208
0.98096	0.978645
0.983	0.980962
0.98484	0.983118
0.986449	0.985075
0.987801	0.986799
0.988873	0.988262
0.989647	0.989438
0.990111	0.990309
0.990256	0.990861
0.990082	0.991083
0.98959	0.990972
0.988789	0.990529
0.987692	0.989762
0.986317	0.988682
0.984686	0.987306
0.982829	0.985657
0.980775	0.983763
0.978561	0.981653
0.976225	0.979366
0.973808	0.97694
0.971354	0.974418
0.968909	0.971844
0.966517	0.969268
0.964225	0.966737
0.962078	0.964299
0.960117	0.962002
0.958381	0.959893
0.956906	0.958013
0.955723	0.956401
0.954854	0.955091
0.954319	0.95411
0.954128	0.953479
0.954286	0.953212
0.954789	0.953314
0.955625	0.953784
0.956777	0.954611
0.958222	0.95578
0.959929	0.957265
0.961864	0.959036
0.963988	0.961058
0.966259	0.963289
0.968633	0.965685
0.971064	0.968199
0.973506	0.970784
0.975915	0.973389
0.978248	0.975968
0.980465	0.978473
0.982525	0.980859
0.984394	0.983086
0.986041	0.985114
0.987437	0.986909
0.988561	0.988441
0.989394	0.989684
0.989923	0.990619
0.99014	0.99123
0.990041	0.991508
0.98963	0.991448
0.988912	0.99105
0.987901	0.990322
0.986613	0.989276
0.985069	0.987927
0.983296	0.986299
0.981325	0.984419
0.979189	0.982318
0.976926	0.980032
0.974575	0.977602
0.972179	0.975069
0.969781	0.97248
0.967427	0.969884
0.965162	0.967327
0.963029	0.964859
0.961071	0.962528
0.959326	0.96038
0.957831	0.958457
0.956614	0.9568
0.955703	0.955443
0.955114	0.954415
0.954861	0.953736
0.954948	0.953423
0.955374	0.953482
0.95613	0.953912
0.9572	0.954705
0.958562	0.955842
0.960187	0.957301
0.962043	0.959051
0.964092	0.961056
0.966293	0.963276
0.968603	0.965666
0.970979	0.968179
0.973376	0.970767
0.97575	0.97338
0.978058	0.975971
0.980258	0.978492
0.982312	0.980899
0.984185	0.983147
0.985844	0.9852
0.987262	0.987021
0.988414	0.988579
0.989282	0.989849
0.989852	0.99081
0.990115	0.991445
0.990066	0.991744
0.989707	0.991702
0.989042	0.99132
0.988083	0.990602
0.986846	0.989562
0.985351	0.988215
0.983623	0.986582
0.981692	0.984691
0.979589	0.982574
0.977352	0.980264
0.97502	0.977804
0.972634	0.975235
0.970237	0.972603
0.967875	0.969957
0.96559	0.967345
0.963427	0.964816
0.961428	0.96242
0.959632	0.960204
0.958075	0.958212
0.956789	0.956485
0.955798	0.955057
0.955125	0.953959
0.954781	0.953214
0.954776	0.952838
0.955107	0.952839
0.955769	0.953218
0.956746	0.953964
0.958017	0.955064
0.959557	0.956493
0.961334	0.958223
0.963313	0.960217
0.965454	0.962436
0.967715	0.964835
0.970052	0.967368
0.972422	0.969984
0.974781	0.972634
0.977086	0.975269
0.979295	0.97784
0.981371	0.980301
0.983276	0.98261
0.984979	0.984727
0.98645	0.986616
0.987666	0.988245
0.988607	0.989587
0.989257	0.990619
0.989606	0.991326
0.989648	0.991694
0.989384	0.991719
0.988817	0.9914
0.987958	0.990741
0.986821	0.989755
0.985424	0.988456
0.98379	0.986866
0.981948	0.985012
0.979929	0.982923
0.977769	0.980637
0.975505	0.978191
0.973178	0.975631
0.970831	0.973001
0.968506	0.970351
0.966249	0.967728
0.964101	0.965184
0.962106	0.962767
0.960303	0.960525
0.958728	0.958504
0.957414	0.956745
0.956387	0.955284
0.955669	0.954153
0.955274	0.953376
0.955211	0.95297
0.955481	0.952943
0.956078	0.953296
0.956989	0.954022
0.958197	0.955107
0.959675	0.956527
0.961395	0.958253
0.963321	0.96025
0.965417	0.962477
0.96764	0.96489
0.969949	0.96744
0.9723	0.970081
0.974648	0.972759
0.976951	0.975427
0.979166	0.978034
0.981257	0.980534
0.983185	0.982883
0.984917	0.98504
0.986425	0.986969
0.987684	0.988636
0.988674	0.990014
0.989377	0.99108
0.989784	0.991817
0.989888	0.992212
0.989686	0.992259
0.989183	0.991957
0.988386	0.991311
0.987309	0.99033
0.985969	0.989032
0.984389	0.987436
0.982595	0.985568
0.980617	0.983461
0.978489	0.981149
0.976249	0.978673
0.973937	0.976075
0.971593	0.973402
0.969261	0.970702
0.966984	0.968027
0.964806	0.965425
0.962768	0.962948
0.96091	0.960644
0.959269	0.95856
0.957878	0.956738
0.956766	0.955215
0.955954	0.954024
0.95546	0.953189
0.955292	0.952728
0.955454	0.952651
0.955943	0.95296
0.956747	0.953648
0.957851	0.954701
0.95923	0.956095
0.960856	0.957802
0.962696	0.959786
0.964713	0.962005
0.966867	0.964415
0.969117	0.966967
0.97142	0.969612
0.973731	0.972299
0.976008	0.974977
0.978211	0.977597
0.980301	0.980112
0.98224	0.982478
0.983996	0.984652
0.985538	0.986598
0.986842	0.988282
0.987884	0.989677
0.988649	0.990759
0.989124	0.991511
0.989301	0.991921
0.989179	0.991982
0.988757	0.991692
0.988044	0.991056
0.98705	0.990084
0.985792	0.988792
0.984292	0.987201
0.982572	0.985338
0.980664	0.983233
0.978598	0.980924
0.976413	0.978449
0.974146	0.975852
0.971838	0.97318
0.969532	0.970481
0.967271	0.967806
0.965098	0.965205
0.963054	0.96273
0.961179	0.960428
0.959511	0.958346
0.958084	0.956527
0.956926	0.955009
0.95606	0.953824
0.955506	0.952998
0.955273	0.952547
0.955369	0.952483
0.955791	0.952806
0.95653	0.953509
0.95757	0.954579
0.958892	0.955993
0.960467	0.957721
0.962264	0.959728
0.964246	0.961973
0.966377	0.96441
0.968614	0.966991
0.970915	0.969666
0.973237	0.972385
0.975539	0.975096
0.977779	0.97775
0.979916	0.9803
0.981915	0.982701
0.983739	0.98491
0.98536	0.986891
0.986749	0.988611
0.987883	0.990039
0.988743	0.991155
0.989316	0.991938
0.989593	0.992377
0.98957	0.992465
0.989246	0.992199
0.988628	0.991586
0.987726	0.990634
0.986554	0.989358
0.985133	0.987781
0.983486	0.985927
0.981642	0.983829
0.979631	0.981521
0.977488	0.979044
0.975251	0.97644
0.972961	0.973758
0.970657	0.971045
0.968383	0.968351
0.966181	0.965728
0.964093	0.963224
0.962159	0.96089
0.960418	0.958772
0.958904	0.956913
0.957647	0.955352
0.956674	0.954122
0.956004	0.953248
0.955651	0.95275
0.955622	0.952637
0.955918	0.952912
0.956532	0.95357
0.957451	0.954594
0.958656	0.955964
0.960122	0.957652
0.961821	0.959621
0.963717	0.96183
0.965773	0.964236
0.96795	0.966791
0.970205	0.969443
0.972496	0.972142
0.97478	0.974837
0.977015	0.977477
0.979161	0.980017
0.98118	0.982409
0.983037	0.984613
0.984699	0.98659
0.986139	0.988307
0.987331	0.989735
0.988257	0.990851
0.988901	0.991637
0.989251	0.992078
0.989303	0.992169
0.989056	0.991908
0.988513	0.991299
0.987682	0.99035
0.986578	0.989078
0.985218	0.987504
0.983625	0.985652
0.981825	0.983553
0.979849	0.981243
0.97773	0.978761
0.975506	0.976151
0.973216	0.973461
0.970902	0.970738
0.968605	0.968034
0.966369	0.9654
0.964236	0.962887
0.962248	0.960544
0.960444	0.958419
0.958859	0.956554
0.957526	0.954988
0.956472	0.953754
0.955719	0.952879
0.955281	0.95238
0.955169	0.952268
0.955384	0.952547
0.955922	0.95321
0.956773	0.954242
0.957917	0.955622
0.959333	0.957321
0.96099	0.959304
0.962857	0.961529
0.964897	0.963952
0.967069	0.966525
0.969332	0.969198
0.971643	0.971919
0.97396	0.974637
0.976239	0.977302
0.978441	0.979867
0.980526	0.982286
0.982458	0.984516
0.984205	0.986521
0.985737	0.988266
0.987029	0.989723
0.988059	0.990868
0.98881	0.991683
0.98927	0.992154
0.989433	0.992275
0.989294	0.992042
0.988858	0.991461
0.988131	0.990541
0.987124	0.989296
0.985855	0.987748
0.984345	0.985921
0.982619	0.983847
0.980706	0.981562
0.978639	0.979104
0.976455	0.976518
0.974192	0.973849
0.971892	0.971147
0.969596	0.968461
0.967348	0.965842
0.965188	0.963343
0.963161	0.961011
0.961304	0.958893
0.959657	0.957032
0.958251	0.955467
0.957115	0.954231
0.956273	0.953349
0.955741	0.952841
0.955532	0.952717
0.955649	0.952981
0.956091	0.953626
0.956848	0.954639
0.957905	0.955999
0.95924	0.957676
0.960827	0.959636
0.962634	0.961838
0.964624	0.964239
0.966759	0.966789
0.968996	0.96944
0.971295	0.972141
0.97361	0.974839
0.9759	0.977487
0.978124	0.980034
0.98024	0.982437
0.982213	0.984653
0.984007	0.986644
0.985592	0.988377
0.986942	0.989822
0.988033	0.990955
0.988847	0.99176
0.989372	0.992221
0.989598	0.992332
0.989522	0.992092
0.989144	0.991503
0.988471	0.990576
0.987513	0.989325
0.986286	0.987771
0.98481	0.985938
0.983109	0.983858
0.981211	0.981565
0.979149	0.979099
0.976958	0.976502
0.974676	0.973821
0.972345	0.971105
0.970006	0.968403
0.967702	0.965767
0.965477	0.963246
0.963372	0.960891
0.96143	0.958748
0.959688	0.956862
0.958181	0.95527
0.956939	0.954007
0.955988	0.953098
0.955348	0.952562
0.955032	0.952412
0.955046	0.952649
0.955389	0.953268
0.956056	0.954255
0.957031	0.95559
0.958296	0.957245
0.959823	0.959183
0.961582	0.961366
0.963538	0.963748
0.965651	0.966282
0.967882	0.968919
0.970186	0.971607
0.972521	0.974297
0.974843	0.976938
0.97711	0.979483
0.979282	0.981887
0.98132	0.984108
0.98319	0.986107
0.984859	0.987851
0.986298	0.989311
0.987484	0.990464
0.988398	0.99129
0.989024	0.991776
0.989352	0.991915
0.989376	0.991705
0.989097	0.99115
0.988519	0.990258
0.98765	0.989043
0.986506	0.987527
0.985104	0.985734
0.983468	0.983696
0.981627	0.981445
0.97961	0.979021
0.977455	0.976468
0.975198	0.973829
0.97288	0.971154
0.970544	0.968492
0.968232	0.965894
0.965988	0.963411
0.963855	0.961092
0.961876	0.958983
0.960088	0.957127
0.958529	0.955561
0.957229	0.95432
0.956217	0.953428
0.955513	0.952907
0.955132	0.952766
0.955083	0.953008
0.955367	0.95363
0.955978	0.954616
0.956905	0.955947
0.958127	0.957594
0.959621	0.959524
0.961356	0.961697
0.963297	0.964068
0.965407	0.966591
0.967644	0.969217
0.969966	0.971894
0.972328	0.974572
0.974687	0.977203
0.976999	0.979739
0.979224	0.982135
0.981322	0.984348
0.983256	0.986343
0.984994	0.988084
0.986504	0.989545
0.987764	0.9907
0.988753	0.991531
0.989453	0.992025
0.989853	0.992174
0.989947	0.991975
0.989733	0.991433
0.989214	0.990556
0.988398	0.989357
0.987298	0.987857
0.985933	0.986081
0.984324	0.984058
0.982498	0.981821
0.980486	0.979411
0.978323	0.976867
0.976046	0.974236
0.973696	0.971565
0.971314	0.968902
0.968944	0.966299
0.966631	0.963805
0.964418	0.961468
0.962348	0.959336
0.960462	0.957452
0.958797	0.955853
0.957387	0.954574
0.956262	0.95364
0.955444	0.953071
0.954949	0.95288
0.954788	0.953068
0.954965	0.953634
0.955475	0.954562
0.956309	0.955834
0.957448	0.957423
0.95887	0.959294
0.960545	0.96141
0.96244	0.963726
0.964515	0.966197
0.966732	0.968775
0.969046	0.971409
0.971414	0.97405
0.973791	0.976649
0.976133	0.979159
0.978398	0.981535
0.980546	0.983734
0.982539	0.98572
0.984343	0.987459
0.985926	0.988922
0.987262	0.990085
0.988328	0.990929
0.989107	0.99144
0.989585	0.991611
0.989755	0.99144
0.989613	0.990928
0.989162	0.990085
0.988409	0.988923
0.987365	0.987462
0.986048	0.985726
0.984479	0.983745
0.982684	0.98155
0.980694	0.97918
0.978542	0.976677
0.976267	0.974085
0.973908	0.971452
0.971509	0.968826
0.969114	0.966256
0.966766	0.963791
0.964511	0.96148
0.962393	0.959368
0.960452	0.957499
0.958729	0.955911
0.957257	0.954637
0.956069	0.953702
0.955187	0.953127
0.954632	0.952925
0.954414	0.953098
0.95454	0.953645
0.955006	0.954552
0.955804	0.955801
0.956916	0.957366
0.958322	0.959214
0.959991	0.961308
0.961891	0.963606
0.963985	0.966061
0.966231	0.968627
0.968585	0.971253
0.971004	0.973891
0.973443	0.976492
0.975855	0.97901
0.978198	0.981401
0.98043	0.983621
0.982511	0.985635
0.984406	0.987406
0.986083	0.988907
0.987513	0.990113
0.988672	0.991005
0.989542	0.991568
0.990108	0.991794
0.990361	0.991679
0.990298	0.991225
0.989917	0.990441
0.989227	0.989338
0.988238	0.987937
0.986967	0.986259
0.985433	0.984333
0.983663	0.982191
0.981685	0.979871
0.979535	0.977413
0.97725	0.97486
0.974868	0.972258
0.972434	0.969656
0.969992	0.967101
0.967587	0.964642
0.965265	0.962328
0.96307	0.960204
0.961046	0.958312
0.959233	0.956692
0.957668	0.955376
0.956384	0.95439
0.955406	0.953757
0.954756	0.953489
0.954447	0.953592
0.954486	0.954063
0.954872	0.954891
0.955597	0.956059
0.956647	0.957543
0.957998	0.95931
0.959624	0.961325
0.961491	0.963547
0.963561	0.96593
0.965794	0.968428
0.968145	0.970994
0.970569	0.973577
0.97302	0.97613
0.975453	0.978607
0.977822	0.980962
0.980085	0.983156
0.982202	0.985149
0.984135	0.986908
0.985853	0.988404
0.987324	0.989611
0.988525	0.99051
0.989436	0.991087
0.990041	0.991333
0.990329	0.991243
0.990297	0.990818
0.989944	0.990066
0.989275	0.988998
0.988302	0.987633
0.987039	0.985993
0.985508	0.984105
0.983734	0.982
0.981745	0.979714
0.979577	0.977288
0.977265	0.974763
0.974851	0.972185
0.972377	0.969602
0.96989	0.967061
0.967434	0.964611
0.965058	0.9623
0.962806	0.960172
0.960722	0.958271
0.958851	0.956636
0.957227	0.9553
0.955886	0.954291
0.954856	0.953629
0.954157	0.953329
0.953805	0.953396
0.953809	0.95383
0.954167	0.954619
0.954873	0.955749
0.955912	0.957194
0.957262	0.958924
0.958896	0.960905
0.960781	0.963094
0.962879	0.96545
0.965147	0.967925
0.967543	0.970472
0.970018	0.973042
0.972527	0.975589
0.975023	0.978066
0.977459	0.980428
0.979795	0.982635
0.981987	0.984649
0.983998	0.986435
0.985793	0.987964
0.987342	0.989211
0.988618	0.990156
0.989602	0.990784
0.990277	0.991085
0.990632	0.991055
0.990662	0.990694
0.990365	0.99001
0.989746	0.989013
0.988816	0.987719
0.987588	0.986151
0.986085	0.984335
0.984331	0.982302
0.982355	0.980086
0.980191	0.977727
0.977877	0.975266
0.975454	0.972747
0.972965	0.970217
0.970455	0.967723
0.967971	0.965313
0.965559	0.963033
0.963267	0.960929
0.96114	0.959042
0.959221	0.957411
0.957549	0.95607
0.95616	0.955045
0.955082	0.954358
0.954338	0.954024
0.953944	0.95405
0.953909	0.954435
0.954234	0.955171
0.954913	0.956243
0.95593	0.957627
0.957267	0.959295
0.958893	0.961212
0.960778	0.963339
0.962882	0.965635
0.965162	0.968054
0.967575	0.97055
0.970073	0.973074
0.972608	0.975581
0.975134	0.978024
0.977603	0.98036
0.979972	0.982548
0.982199	0.984549
0.984245	0.98633
0.986075	0.987862
0.987657	0.989117
0.988966	0.990078
0.989979	0.990726
0.990679	0.991052
0.991055	0.991051
0.991099	0.990723
0.990812	0.990072
0.990197	0.989111
0.989265	0.987853
0.98803	0.986321
0.986513	0.984539
0.984737	0.982537
0.982732	0.980349
0.980532	0.978015
0.978176	0.975573
0.975704	0.973067
0.97316	0.970544
0.97059	0.968049
0.968043	0.96563
0.965565	0.963332
0.963204	0.9612
0.961006	0.959277
0.959016	0.957602
0.957272	0.956207
0.955813	0.955122
0.954667	0.95437
0.953859	0.953965
0.953405	0.953916
0.953316	0.954223
0.953594	0.954879
0.954231	0.955871
0.955216	0.957176
0.956527	0.958768
0.958138	0.960614
0.960014	0.962676
0.962119	0.964912
0.964409	0.967279
0.966839	0.969731
0.969363	0.97222
0.971931	0.974701
0.974496	0.977128
0.97701	0.979458
0.97943	0.98165
0.98171	0.983665
0.983813	0.985469
0.9857	0.987033
0.98734	0.988331
0.988707	0.989341
0.989777	0.990047
0.990532	0.990438
0.990961	0.990508
0.991057	0.990256
0.990818	0.989685
0.990247	0.988807
0.989353	0.987634
0.988152	0.986188
0.986663	0.984491
0.984912	0.982574
0.982927	0.980468
0.98074	0.97821
0.978392	0.975839
0.975921	0.973398
0.973373	0.970932
0.970795	0.968487
0.968235	0.966108
0.965741	0.963842
0.963362	0.961733
0.961144	0.959822
0.959132	0.958149
0.957368	0.956748
0.955888	0.955646
0.954722	0.954868
0.953896	0.95443
0.953428	0.954341
0.953328	0.954602
0.953599	0.955209
0.954235	0.956148
0.955224	0.957401
0.956544	0.95894
0.958168	0.960735
0.960064	0.96275
0.962193	0.964944
0.964512	0.967274
0.966975	0.969695
0.969534	0.972161
0.97214	0.974627
0.974746	0.977047
0.977302	0.979378
0.979764	0.981579
0.982088	0.98361
0.984234	0.985438
0.986165	0.987031
0.987847	0.988363
0.989254	0.989413
0.990361	0.990163
0.991152	0.990602
0.991612	0.990723
0.991734	0.990524
0.991517	0.990009
0.990962	0.989186
0.99008	0.988068
0.988884	0.986674
0.987393	0.985026
0.985633	0.983153
0.983633	0.981086
0.981425	0.97886
0.979049	0.976515
0.976544	0.974092
0.973957	0.971635
0.971335	0.969189
0.968725	0.9668
0.966177	0.964514
0.963738	0.962375
0.961459	0.960424
0.959383	0.958701
0.957553	0.95724
0.956007	0.95607
0.954775	0.955215
0.953883	0.954694
0.953351	0.954515
0.953189	0.954684
0.953402	0.955195
0.953985	0.956038
0.954926	0.957194
0.956205	0.958639
0.957795	0.960344
0.959663	0.962273
0.96177	0.964387
0.964075	0.966645
0.96653	0.969003
0.969087	0.971414
0.971699	0.973835
0.974314	0.97622
0.976885	0.978525
0.979365	0.980711
0.98171	0.982738
0.983878	0.984572
0.985832	0.986181
0.98754	0.98754
0.988972	0.988625
0.990106	0.989419
0.990922	0.989909
0.991406	0.990087
0.991551	0.989949
0.991355	0.989499
0.99082	0.988743
0.989954	0.987694
0.988771	0.986369
0.987291	0.984791
0.985538	0.982985
0.98354	0.980983
0.981333	0.978819
0.978954	0.976529
0.976444	0.974155
0.973847	0.971739
0.971212	0.969326
0.968586	0.966962
0.966021	0.964691
0.963564	0.962557
0.961265	0.960603
0.959169	0.958866
0.95732	0.957383
0.955755	0.956182
0.954508	0.95529
0.953604	0.954725
0.953064	0.954498
0.952899	0.954615
0.953112	0.955072
0.9537	0.95586
0.95465	0.956964
0.955944	0.958359
0.957553	0.960019
0.959446	0.961908
0.961583	0.963989
0.963922	0.966222
0.966415	0.968561
0.969015	0.970964
0.971673	0.973384
0.974338	0.975778
0.97696	0.978103
0.979494	0.980316
0.981894	0.98238
0.984118	0.984259
0.986127	0.985922
0.987888	0.98734
0.989372	0.988492
0.990555	0.989357
0.991417	0.989923
0.991944	0.99018
0.992128	0.990125
0.991967	0.989758
0.991462	0.989086
0.990622	0.98812
0.989461	0.986875
0.987998	0.985373
0.986256	0.983639
0.984266	0.981703
0.982061	0.979597
0.979678	0.977359
0.97716	0.975029
0.97455	0.972647
0.971896	0.970259
0.969248	0.967907
0.966654	0.965638
0.964165	0.963493
0.961829	0.961515
0.959691	0.959743
0.957797	0.958213
0.956185	0.956955
0.954888	0.955996
0.953934	0.955354
0.953343	0.955044
0.953127	0.955072
0.953292	0.955436
0.953834	0.956129
0.954742	0.957135
0.955996	0.958436
0.957569	0.960002
0.95943	0.961802
0.961539	0.9638
0.963853	0.965956
0.966328	0.968228
0.968913	0.970572
0.97156	0.972944
0.974219	0.9753
0.97684	0.977598
0.979376	0.979795
0.981782	0.981854
0.984017	0.983739
0.986041	0.985416
0.987821	0.986859
0.989326	0.988042
0.990531	0.988947
0.991417	0.989558
0.991968	0.989866
0.992177	0.989865
0.992038	0.989556
0.991554	0.988943
0.990733	0.988036
0.989589	0.98685
0.988138	0.985404
0.986405	0.983723
0.984417	0.981835
0.982209	0.979771
0.979817	0.977567
0.977283	0.975262
0.974652	0.972897
0.971971	0.970515
0.96929	0.968159
0.966658	0.965873
0.964124	0.963701
0.96174	0.961684
0.959551	0.959862
0.957603	0.958272
0.955935	0.956946
0.954583	0.95591
0.953573	0.955185
0.952928	0.954786
0.952662	0.954722
0.952781	0.954994
0.953281	0.955595
0.954154	0.956514
0.95538	0.957731
0.956932	0.959221
0.958779	0.960954
0.960884	0.962895
0.963204	0.965006
0.965692	0.967245
0.9683	0.969571
0.970978	0.971938
0.973674	0.974305
0.976341	0.976627
0.978928	0.978863
0.981392	0.980974
0.983688	0.982923
0.985776	0.984676
0.987621	0.986204
0.989194	0.987481
0.990467	0.988487
0.99142	0.989205
0.992037	0.989624
0.99231	0.989736
0.992233	0.989542
0.991807	0.989042
0.991041	0.988247
0.989946	0.987169
0.988541	0.985827
0.986848	0.984242
0.984897	0.982443
0.982719	0.980459
0.980354	0.978324
0.97784	0.976077
0.975223	0.973758
0.97255	0.971407
0.96987	0.969069
0.967234	0.966787
0.964692	0.964605
0.962293	0.962565
0.960085	0.960709
0.958113	0.959072
0.956417	0.957688
0.955033	0.956586
0.95399	0.955788
0.95331	0.955311
0.953009	0.955165
0.953092	0.955353
0.953559	0.955871
0.954399	0.956708
0.955594	0.957847
0.95712	0.959265
0.958945	0.960932
0.961032	0.962814
0.963339	0.964874
0.965819	0.967072
0.968423	0.969365
0.971103	0.971709
0.973806	0.974061
0.976481	0.976377
0.97908	0.978617
0.981558	0.980739
0.983869	0.982708
0.985974	0.984488
0.987837	0.986049
0.989427	0.987366
0.990719	0.988416
0.99169	0.989182
0.992326	0.989652
0.992616	0.989818
0.992554	0.989678
0.992143	0.989233
0.991388	0.98849
0.990301	0.987463
0.9889	0.986166
0.987206	0.984623
0.985247	0.982857
0.983058	0.980899
0.980674	0.978782
0.978138	0.976544
0.975492	0.974223
0.972785	0.971861
0.970066	0.969501
0.967386	0.967188
0.964796	0.964963
0.962345	0.962871
0.960081	0.960952
0.958051	0.959243
0.956295	0.95778
0.954849	0.956591
0.953745	0.955701
0.953005	0.955127
0.952645	0.954882
0.952673	0.95497
0.953087	0.955389
0.95388	0.956129
0.955034	0.957175
0.956524	0.958507
0.958319	0.960095
0.960381	0.961908
0.962669	0.963909
0.965135	0.966059
0.967732	0.968317
0.970408	0.970639
0.973112	0.972981
0.975795	0.975302
0.978408	0.977558
0.980904	0.979709
0.983239	0.981719
0.985373	0.983551
0.98727	0.985176
0.988897	0.986565
0.990227	0.987697
0.99124	0.988552
0.991919	0.989116
0.992253	0.98938
0.992237	0.989339
0.99187	0.988994
0.991159	0.988352
0.990115	0.987423
0.988756	0.986221
0.987103	0.984767
0.985184	0.983086
0.983031	0.981205
0.980681	0.979158
0.978174	0.976979
0.975556	0.974708
0.972872	0.972385
0.970172	0.970051
0.967507	0.967752
0.964927	0.965529
0.962483	0.963427
0.960223	0.961485
0.958193	0.959742
0.956434	0.958234
0.954983	0.956992
0.953871	0.956039
0.953121	0.955398
0.952749	0.955081
0.952764	0.955096
0.953166	0.955441
0.953946	0.95611
0.955088	0.957089
0.956568	0.958358
0.958355	0.959892
0.960413	0.96166
0.962699	0.963627
0.965167	0.965753
0.967769	0.967997
0.970455	0.970317
0.973174	0.97267
0.975877	0.975012
0.978512	0.977301
0.981035	0.979495
0.983399	0.981557
0.985564	0.98345
0.987494	0.985142
0.989157	0.986605
0.990526	0.987815
0.991577	0.988751
0.992295	0.989399
0.992667	0.989747
0.992688	0.989791
0.992357	0.98953
0.99168	0.988968
0.990667	0.988112
0.989335	0.986978
0.987705	0.985584
0.985804	0.983952
0.983664	0.982111
0.981321	0.980092
0.978816	0.977929
0.976192	0.97566
0.973495	0.973325
0.970775	0.970967
0.968083	0.968628
0.965467	0.966353
0.96298	0.964185
0.96067	0.962165
0.958584	0.960333
0.956764	0.958726
0.955247	0.957376
0.954064	0.956311
0.953241	0.955552
0.952794	0.955114
0.952733	0.955007
0.953059	0.955232
0.953764	0.955786
0.954834	0.956655
0.956245	0.957822
0.957968	0.959263
0.959966	0.960948
0.962199	0.962844
0.964621	0.964911
0.967183	0.967111
0.969837	0.969399
0.972531	0.971733
0.975215	0.974068
0.977838	0.976363
0.980354	0.978574
0.982718	0.980664
0.984888	0.982596
0.986829	0.984334
0.988507	0.985851
0.989895	0.987122
0.990969	0.988124
0.991713	0.988841
0.992114	0.989262
0.992165	0.98938
0.991867	0.989192
0.991223	0.988701
0.990244	0.987917
0.988946	0.98685
0.987349	0.985518
0.98548	0.983944
0.983371	0.982153
0.981057	0.980176
0.978577	0.978047
0.975976	0.975803
0.973299	0.973484
0.970595	0.971131
0.967915	0.968789
0.965309	0.9665
0.962827	0.964308
0.960519	0.962256
0.95843	0.960384
0.956604	0.95873
0.955078	0.957327
0.953886	0.956204
0.953052	0.955384
0.952593	0.954886
0.952519	0.954718
0.952833	0.954886
0.953527	0.955386
0.954587	0.956208
0.95599	0.957334
0.957708	0.958743
0.959704	0.960405
0.961937	0.962287
0.964364	0.964351
0.966935	0.966556
0.969601	0.968861
0.972311	0.971222
0.975015	0.973596
0.977662	0.975939
0.980206	0.97821
0.982602	0.980367
0.984808	0.982373
0.986787	0.984194
0.988506	0.9858
0.989937	0.987163
0.991055	0.988261
0.991844	0.989076
0.99229	0.989594
0.992387	0.989808
0.992133	0.989713
0.991531	0.989312
0.990593	0.988611
0.989333	0.98762
0.987772	0.986358
0.985937	0.984844
0.983857	0.983105
0.981569	0.981168
0.979113	0.979069
0.976531	0.976842
0.973869	0.974528
0.971176	0.972168
0.968502	0.969805
0.965897	0.967483
0.963412	0.965245
0.961094	0.963135
0.958991	0.961194
0.957143	0.959461
0.955591	0.95797
0.954365	0.956751
0.953491	0.955831
0.952989	0.955227
0.952869	0.954954
0.953133	0.955017
0.953775	0.955414
0.954782	0.956137
0.956131	0.957171
0.957794	0.958495
0.959736	0.960082
0.961918	0.961899
0.964295	0.96391
0.966819	0.966075
0.969443	0.968352
0.972115	0.970697
0.974785	0.973066
0.977404	0.975415
0.979925	0.977702
0.982303	0.979886
0.984496	0.981928
0.986465	0.983792
0.988179	0.985446
0.989608	0.986863
0.990729	0.988019
0.991523	0.988893
0.991978	0.989472
0.992086	0.989746
0.991844	0.989711
0.991258	0.989366
0.990336	0.988717
0.989093	0.987774
0.98755	0.986552
0.98573	0.985072
0.983666	0.983357
0.981392	0.981437
0.978946	0.979344
0.976371	0.977114
0.973713	0.974787
0.971021	0.972405
0.968343	0.970009
0.965731	0.967644
0.963234	0.965355
0.960901	0.963185
0.958778	0.961177
0.95691	0.959371
0.955334	0.957802
0.954082	0.956503
0.953182	0.955501
0.952652	0.954816
0.952503	0.954463
0.952738	0.954449
0.953352	0.954774
0.954331	0.955433
0.955655	0.956411
0.957296	0.957688
0.95922	0.959238
0.961387	0.961029
0.963752	0.963026
0.96627	0.965189
0.96889	0.967477
0.971562	0.969844
0.974237	0.972247
0.976865	0.974641
0.979399	0.976982
0.981794	0.979231
0.984009	0.981345
0.986006	0.983289
0.987752	0.98503
0.989217	0.986538
0.990378	0.987789
0.991216	0.98876
0.991718	0.989438
0.991876	0.989809
0.991687	0.989869
0.991155	0.989617
0.990289	0.989057
0.989103	0.988197
0.987616	0.987052
0.985854	0.985642
0.983846	0.983988
0.981626	0.98212
0.979232	0.98007
0.976707	0.977872
0.974095	0.975566
0.971443	0.973193
0.968802	0.970795
0.96622	0.968418
0.963748	0.966105
0.961434	0.963901
0.959324	0.961849
0.95746	0.959991
0.955882	0.958362
0.954622	0.956998
0.953707	0.955926
0.953156	0.955169
0.952981	0.954743
0.953185	0.954657
0.953765	0.954912
0.954706	0.955505
0.955991	0.956422
0.957591	0.957646
0.959472	0.95915
0.961597	0.960904
0.963922	0.962872
0.966402	0.965017
0.968987	0.967295
0.971628	0.969662
0.974276	0.972075
0.976882	0.974489
0.979399	0.976858
0.981781	0.97914
0.983987	0.981296
0.985978	0.983286
0.987722	0.985078
0.989191	0.98664
0.990358	0.987947
0.991207	0.988976
0.991722	0.989709
0.991896	0.990136
0.991725	0.990248
0.991213	0.990043
0.990368	0.989525
0.989203	0.988702
0.987737	0.987587
0.985994	0.986198
0.984002	0.984557
0.981796	0.982692
0.979412	0.980634
0.976893	0.97842
0.974283	0.976087
0.97163	0.973676
0.968982	0.971232
0.966388	0.968798
0.963898	0.966419
0.96156	0.964141
0.95942	0.962008
0.957522	0.960061
0.955904	0.95834
0.954599	0.956879
0.953634	0.955709
0.953028	0.954853
0.952795	0.954329
0.952939	0.954149
0.953456	0.954315
0.954335	0.954825
0.955557	0.955668
0.957096	0.956826
0.958921	0.958276
0.960993	0.959987
0.963271	0.961925
0.965709	0.964052
0.968259	0.966325
0.970871	0.968699
0.973495	0.971131
0.976083	0.973575
0.978587	0.975985
0.980964	0.978318
0.983171	0.980533
0.985169	0.98259
0.986927	0.984455
0.988414	0.986095
0.989606	0.987484
0.990484	0.988596
0.991033	0.989415
0.991245	0.989927
0.991117	0.990122
0.990651	0.989999
0.989855	0.989558
0.988741	0.988808
0.987329	0.987759
0.98564	0.98643
0.983705	0.984843
0.981556	0.983023
0.979229	0.981002
0.976766	0.978815
0.974211	0.976499
0.97161	0.974096
0.969012	0.97165
0.966465	0.969204
0.964018	0.966805
0.961719	0.964499
0.959613	0.96233
0.957744	0.960341
0.95615	0.958573
0.954863	0.957061
0.953911	0.955838
0.953314	0.954929
0.953085	0.954354
0.953228	0.954125
0.95374	0.954247
0.954611	0.954718
0.955823	0.955529
0.957349	0.956663
0.959157	0.958097
0.961212	0.959802
0.96347	0.961742
0.965889	0.963881
0.96842	0.966174
0.971014	0.968578
0.973624	0.971047
0.976199	0.973534
0.978695	0.975996
0.981066	0.978386
0.983271	0.980663
0.985272	0.982786
0.987036	0.98472
0.988534	0.986431
0.989741	0.987891
0.990637	0.989074
0.991208	0.989963
0.991445	0.99054
0.991344	0.990799
0.990908	0.990733
0.990143	0.990344
0.989062	0.989638
0.987682	0.988627
0.986027	0.987326
0.984124	0.985756
0.982006	0.983945
0.979708	0.981922
0.977272	0.979721
0.974739	0.977381
0.972154	0.974943
0.969566	0.97245
0.967024	0.969947
0.964575	0.967481
0.962267	0.965099
0.960146	0.962847
0.958253	0.960767
0.956628	0.958903
0.955302	0.957292
0.954305	0.955966
0.953656	0.954953
0.953369	0.954275
0.953448	0.953945
0.953893	0.95397
0.954693	0.954351
0.955831	0.955078
0.957282	0.956138
0.959017	0.957506
0.960999	0.959156
0.963187	0.961053
0.965539	0.963159
0.968006	0.965433
0.970543	0.96783
0.9731	0.970303
0.97563	0.972806
0.978087	0.975292
0.980428	0.977716
0.98261	0.980034
0.984595	0.982205
0.98635	0.984192
0.987846	0.98596
0.989057	0.987479
0.989964	0.988724
0.990552	0.989672
0.990812	0.99031
0.990738	0.990625
0.990333	0.990614
0.989603	0.990275
0.988561	0.989614
0.987223	0.988641
0.985611	0.987372
0.983753	0.985827
0.981681	0.984033
0.979429	0.982019
0.977037	0.97982
0.974547	0.977474
0.972004	0.975022
0.969456	0.972508
0.966949	0.969978
0.964532	0.967478
0.962251	0.965056
0.96015	0.962759
0.958272	0.960632
0.956655	0.958717
0.955333	0.957055
0.954332	0.955678
0.953675	0.954617
0.953375	0.953894
0.953438	0.953524
0.953862	0.953516
0.954639	0.95387
0.955752	0.954579
0.957177	0.955629
0.958886	0.956997
0.960842	0.958656
0.963005	0.960573
0.965334	0.962708
0.967782	0.965019
0.970303	0.967462
0.972849	0.96999
0.975372	0.972554
0.977827	0.975107
0.98017	0.977602
0.982359	0.979995
0.984357	0.982244
0.98613	0.984309
0.98765	0.986156
0.988891	0.987753
0.989833	0.989074
0.99046	0.990098
0.990765	0.990807
0.990741	0.991189
0.990389	0.99124
0.989715	0.990956
0.988731	0.990345
0.987453	0.989414
0.985903	0.988179
0.984106	0.986661
0.982093	0.984884
0.979899	0.982878
0.977561	0.980676
0.975122	0.978318
0.972625	0.975844
0.970116	0.973298
0.967642	0.970728
0.96525	0.968182
0.962985	0.965707
